262
242
284
295
231
219
217
203
221
230
236
247
273
287
320
353
380
410
432
465
485
507
536
565
593
617
632
653
658
676
682
663
697
733
1013
1569
1888
1839
2063
2046
1948
1862
1771
1787
1786
1792
1811
1820
1955
2066
2153
2188
2219
2301
2393
2381
2547
2717
2926
3120
3399
3678
3875
4108
4321
4517
4518
4619
4700
4707
4784
4818
4902
5020
5036
5045
5051
4969
4992
5011
5282
5521
6066
6370
6407
6446
6434
6452
6458
6465
6481
6505
6526
6562
6587
6601
6617
6631
6656
6678
6706
6736
6768
6800
6809
6825
6841
6856
6864
6869
6883
6896
6895
6894
6881
6829
6820
