160
171
188
206
237
256
276
308
331
350
371
394
413
436
461
489
531
576
640
706
755
805
827
838
824
807
784
771
791
858
997
1131
1285
1442
1600
1770
1946
2157
2353
2503
2596
2639
2654
2633
2599
2555
2507
2470
2441
2417
2420
2445
2471
2505
2552
2607
2665
2714
2755
2792
2837
2887
2959
3035
3113
3165
3280
3349
3419
3502
3559
3606
3639
3684
3723
3780
3844
3891
3932
3958
3977
3979
3962
3931
3886
3838
3783
3736
3724
3733
3782
3885
4040
4239
4452
4631
4804
4970
5126
5280
5405
5547
5611
5630
5616
5594
5571
5561
5567
5599
5655
5702
5767
5833
5879
5923
5954
5977
5999
6019
6044
6064
6083
6104
6134
6158
6177
6197
6219
6238
6243
