5362
5361
11639
5376
5377
11654
11653
11655
11641
5364
3350
9627
10209
3932
3930
10207
3349
9626
9621
3344
3935
10212
3936
9623
3346
3470
10213
6063
12340
6061
12342
6026
12305
6027
3705
12306
9982
3704
6025
12304
9981
6021
6012
12293
3715
9994
12300
12291
9992
6014
6024
12303
12299
6020
6066
12345
12294
6015
3717
5995
3318
12274
12273
5989
12268
5994
5991
12270
6019
6018
6013
12292
12297
6016
12295
6017
12296
10081
12298
3804
3802
3803
10080
12301
6022
10091
12302
6023
6067
3816
10093
3814
10090
10078
3801
10079
3783
10060
3784
10061
10058
10059
5992
5990
3781
3782
12269
5988
12267
12271
5993
12272
12261
12259
5984
10048
10046
3769
12263
12264
3771
5985
12266
3772
3770
10049
10047
5987
12265
12260
5986
12262
5981
5982
5980
12241
5962
12236
5957
12238
3147
3146
9419
5959
9420
5963
12242
3965
10242
3963
5961
12239
5958
9418
3144
3145
9417
5956
5960
12235
12237
12240
3962
10241
3964
10243
3966
10239
10244
918
3967
7191
916
7189
904
7177
905
7178
9161
2889
2887
9159
9163
2891
6328
9164
2892
55
53
6326
6330
57
6331
58
2000
8275
10240
10245
3968
10246
3969
919
7192
917
7190
906
7179
907
7180
2890
9162
2888
9160
9165
9166
56
54
6332
2894
2893
6329
6327
6333
59
60
2001
8276
2918
9190
2917
9189
9200
9202
2928
2930
714
6987
713
6986
6997
724
6999
726
1917
8192
8190
725
1915
6998
723
6996
6984
711
6985
712
2929
9201
9199
2916
9187
2915
9188
2927
2919
2921
9193
9191
9195
9196
2924
2923
717
6990
715
6988
6992
719
720
6993
1920
8195
9414
3140
9413
9415
3142
3141
3775
10052
3776
10053
3143
9416
3774
10051
10054
3777
10056
3779
3780
10057
3778
10055
10050
3773
10084
3807
10085
3808
10082
3805
10083
3806
10086
3809
3813
10088
3811
3812
10089
3810
10087
3815
10092
12346
3997
10274
3995
10272
2922
2920
718
6991
716
6989
721
6994
722
6995
1921
8196
8240
1965
756
758
7031
7029
7018
745
9234
2962
746
7019
9232
2926
9198
9197
2925
9192
2950
9194
9222
9221
2949
2960
9231
2959
9233
2961
744
7017
743
7016
7028
755
7030
757
8238
1963
9220
2947
9219
2951
9223
9227
2955
9228
7022
749
2956
747
7020
751
7024
752
7025
1968
8243
2952
9224
9229
2957
9230
2958
750
7023
748
7021
7026
753
754
7027
1969
8244
7211
7222
938
7212
939
3010
9282
3008
9280
9269
2997
9270
2998
2996
9267
9279
3007
9281
3009
937
886
9268
2995
7159
884
7157
7144
871
7145
872
2314
8587
2311
887
7160
872
2306
2310
2311
2312
2313
2314
2315
7147
8581
8583
8585
8586
8587
8588
885
7158
873
7146
874
9226
9225
2954
