1168
1170
1171
1187
1236
1240
1245
1246
1247
1249
1255
1257
1258
1259
1496
1500
4533
4534
4535
4537
4540
4541
4542
4544
4556
4557
4558
4588
4589
4590
4592
4596
4632
4633
4634
4636
4704
4705
4706
4707
4708
4709
4710
4711
4712
4713
4714
4715
4716
4717
4718
4719
4721
4761
4762
4763
4765
4768
4769
4770
4771
4772
4773
4774
4775
4848
4849
4850
4851
5929
5932
5933
5934
6003
6005
6140
6144
6146
6147
6177
6178
6179
6181
6182
6183
6184
6185
6186
6187
6188
6189
6190
6191
6192
6196
6197
6198
6199
6207
6219
6221
6224
6225
6226
6228
6230
6231
6232
6233
6234
6235
6236
6237
6238
6239
6240
6241
6242
6243
6244
6245
6246
6247
6255
6256
6257
6258
6259
6268
6269
6270
6271
6272
6273
6274
6275
6329
6330
6331
6333
6360
6361
6362
6363
6364
6369
6391
6392
6393
6394
6528
6529
6530
6531
6532
6533
6534
6535
6536
6537
6538
6539
6540
6541
6542
6543
6544
6545
6546
6547
6548
6549
6550
6551
6552
6553
6554
6555
6556
6557
6558
6559
6560
6612
6613
6614
6615
6616
6617
6618
6619
6620
6621
6622
6623
6624
6625
6626
6627
6628
6629
6630
6631
6632
6633
6634
6635
6676
6677
6678
6679
6680
6681
6682
6684
6685
6686
6687
6688
6689
6690
6691
6692
6693
6694
6695
6696
6697
6698
6699
6700
6701
6702
6703
6704
6705
6706
6707
6708
6709
6710
6711
6712
6713
6714
6715
6733
6734
6735
6737
6738
6739
6740
6741
6742
6743
6744
6745
6746
6747
6756
6757
6758
6759
6824
6825
6826
6827
6828
6829
6830
6831
6840
6841
6842
6843
6844
6845
6846
6847
6888
6889
6890
6891
6892
6893
6894
6896
6897
6898
6899
6900
6901
6902
6903
6920
6921
6922
6923
6964
6965
6966
6967
6968
6969
6970
6971
6972
6973
6974
6975
6976
6977
6978
6979
6980
6981
6982
6983
6984
6985
6986
6987
6988
6989
6990
6991
6992
6993
6994
6995
6996
6997
6998
6999
7000
7001
7002
7003
7004
7005
7006
7007
7008
8248
8249
8250
8261
8316
8320
8327
8329
8330
8331
8333
8334
8335
8337
8576
8580
11615
11617
11618
11619
11620
11624
11626
11627
11640
11642
11643
11668
11672
11676
11678
11679
11712
11716
11718
11719
11784
11785
11786
11787
11788
11789
11790
11791
11792
11793
11794
11795
11796
11797
11798
11799
11807
11843
11845
11846
11847
11848
11849
11850
11851
11852
11853
11854
11855
11928
11929
11930
11931
13011
13012
13016
13018
13019
13081
13082
13083
13085
13163
13220
13221
13222
13224
13257
13258
13259
13261
13262
13263
13264
13265
13266
13267
13268
13269
13270
13271
13272
13273
13274
13275
13276
13281
13299
13301
13304
13305
13306
13308
13310
13311
13312
13313
13314
13315
13316
13317
13318
13319
13320
13321
13322
13323
13324
13325
13326
13327
13328
13329
13330
13331
13333
13348
13349
13350
13351
13352
13353
13354
13355
13411
13413
13414
13415
13440
13444
13445
13446
13447
13455
13465
13472
13474
13475
13608
13609
13610
13611
13612
13613
13614
13615
13616
13617
13618
13619
13620
13621
13622
13623
13624
13625
13626
13627
13628
13629
13630
13631
13632
13633
13634
13635
13636
13637
13638
13639
13640
13692
13693
13694
13695
13696
13697
13698
13699
13700
13701
13702
13703
13704
13705
13706
13707
13708
13709
13710
13711
13712
13713
13714
13715
13756
13758
13759
13760
13761
13762
13763
13764
13765
13766
13767
13768
13769
13770
13771
13772
13773
13774
13775
13776
13777
13778
13779
13780
13781
13782
13783
13784
13785
13786
13787
13788
13789
13790
13791
13792
13793
13794
13795
13813
13814
13815
13817
13818
13819
13820
13821
13822
13823
13824
13825
13826
13827
13836
13837
13838
13839
13904
13905
13906
13907
13908
13909
13910
13911
13920
13921
13922
13923
13924
13925
13926
13927
13968
13970
13971
13972
13973
13974
13975
13976
13977
13978
13979
13980
13981
13982
13983
14004
14005
14006
14007
14044
14045
14046
14047
14048
14049
14050
14051
14052
14053
14054
14055
14056
14057
14058
14059
14060
14061
14062
14063
14064
14065
14066
14067
14068
14069
14070
14071
14072
14073
14074
14075
14076
14077
14078
14079
14080
14081
14082
14083
14084
14088
14089
14090
14091
13454
13452
13448
13463
13462
13643
13642
13641
13541
13456
13460
13542
13543
13545
13468
13464
13466
13298
13297
13358
13357
13356
13360
13229
6151
6276
6280
6282
6283
6223
6222
6078
5936
6077
6736
6732
6717
6718
6720
6723
6722
6716
6721
6719
5951
6080
5940
6076
5950
5949
13162
13160
13812
13816
13800
13796
13802
13803
13801
13799
13798
13797
13025
13020
13156
13026
13027
13443
13442
13441
13453
13451
13449
13450
13461
13459
13458
13457
13540
13544
13546
13547
13471
13470
13469
13467
13473
13409
13410
13408
13412
6328
6332
6334
6335
6395
6389
6387
6386
6385
6390
6388
6463
6465
6384
6462
6461
6464
6460
6466
6467
6563
6562
6376
6380
6382
6383
6381
6379
6375
6374
6373
6371
6366
6367
6365
6368
6370
6372
6377
6378
6561
