279
281
282
283
531
533
620
621
622
624
633
634
635
1104
1108
1110
1111
1112
1113
1114
1115
1116
1117
1118
1119
1120
1121
1122
1123
1124
1125
1126
1127
1128
1129
1130
1131
1132
1133
1134
1135
1152
1156
1158
1159
1160
1161
1162
1163
1164
1165
1166
1167
1168
1169
1170
1171
1180
1181
1182
1183
1184
1185
1186
1187
1228
1229
1230
1232
1234
1235
1236
1237
1238
1239
1240
1241
1242
1243
1244
1245
1246
1247
1248
1249
1250
1251
1252
1253
1254
1255
1256
1257
1258
1259
1260
1261
1262
1263
1264
1265
1266
1267
1268
1269
1270
1271
1272
1273
1274
1275
1276
1277
1278
1279
1280
1281
1282
1283
1284
1285
1286
1287
1288
1289
1290
1291
1293
1294
1295
1297
1351
1353
1448
1452
1454
1455
1488
1492
1494
1495
1496
1497
1498
1499
1500
1501
1502
1503
3888
3889
3890
3891
3892
3893
3894
3895
3896
3897
3898
3899
3900
3901
3902
3903
3904
3905
3906
3907
3908
3909
3910
3911
3912
3913
3914
3915
3916
3917
3918
3919
3920
3921
3922
3923
3924
3925
3926
3927
3928
3929
3930
3931
3932
3933
3934
3935
3936
3937
3938
3939
3959
3961
3962
3963
3964
3965
3966
3967
3968
3969
3970
3971
3972
3973
3974
3975
3976
3978
3979
3980
3981
3982
3983
3984
3985
3986
3987
3988
3989
3990
3991
3992
3993
3994
3995
3996
3997
3998
3999
4000
4001
4002
4003
4004
4005
4006
4007
4008
4009
4010
4011
4012
4013
4014
4015
4016
4017
4018
4019
4028
4029
4030
4031
4032
4033
4034
4035
4036
4037
4038
4039
4068
4069
4070
4071
4504
4505
4506
4507
4508
4509
4510
4511
4520
4521
4522
4523
4524
4525
4526
4527
4528
4529
4530
4531
4532
4533
4534
4535
4536
4537
4538
4539
4540
4541
4542
4543
4544
4545
4546
4547
4548
4549
4550
4551
4552
4553
4554
4555
4556
4557
4558
4559
4560
4561
4562
4563
4564
4565
4566
4567
4568
4569
4570
4571
4572
4573
4574
4580
4581
4582
4583
4584
4585
4586
4587
4588
4589
4590
4591
4592
4593
4594
4595
4596
4597
4598
4599
4600
4601
4602
4604
4608
4609
4610
4611
4612
4613
4614
4616
4617
4618
4619
4620
4621
4622
4623
4624
4625
4626
4628
4632
4633
4634
4635
4636
4637
4638
4639
4640
4641
4642
4643
4644
4645
4646
4647
4665
4666
4667
4672
4673
4674
4675
4676
4677
4678
4679
4680
4681
4682
4683
4696
4697
4698
4699
4700
4701
4702
4703
4704
4705
4706
4707
4708
4709
4710
4711
4712
4713
4714
4715
4716
4718
4719
4720
4721
4722
4723
4724
4725
4726
4727
4728
4729
4730
4731
4733
4736
4737
4738
4739
4740
4741
4742
4743
4745
4746
4747
4749
4750
4751
4752
4753
4754
4755
4756
4757
4758
4759
4760
4761
4762
4763
4764
4765
4766
4767
4768
4769
4770
4771
4773
4849
5933
6144
6146
6147
6151
6169
6170
6171
6173
6174
6175
6176
6177
6178
6179
6180
6181
6182
6183
6184
6185
6186
6187
6188
6189
6190
6191
6192
6193
6194
6195
6196
6197
6198
6199
6200
6201
6202
6203
6204
6205
6206
6207
6208
6209
6210
6211
6212
6213
6214
6215
6217
6218
6219
6221
6222
6223
6224
6225
6226
6227
6228
6229
6230
6231
6232
6233
6234
6235
6236
6237
6238
6239
6240
6241
6242
6243
6244
6245
6246
6247
6248
6249
6250
6251
6252
6253
6254
6255
6256
6257
6258
6259
6268
6269
6270
6271
6272
6273
6274
6275
6276
6280
6282
6283
6328
6329
6330
6331
6333
6360
6361
6362
6363
6364
6368
6369
6370
6388
6390
6391
6392
6393
6394
6528
6529
6530
6531
6532
6533
6534
6535
6536
6537
6538
6539
6540
6541
6542
6543
6544
6545
6546
6547
6548
6549
6550
6551
6552
6553
6554
6555
6556
6557
6558
6559
6560
6561
6562
6563
6612
6613
6614
6615
6616
6617
6618
6619
6620
6621
6622
6623
6624
6625
6626
6627
6628
6630
6631
6632
6633
6634
6635
6676
6677
6678
6679
6680
6681
6682
6683
6684
6685
6686
6687
6688
6689
6690
6691
6692
6693
6694
6695
6696
6697
6698
6699
6700
6701
6702
6703
6704
6705
6706
6707
6708
6709
6710
6711
6712
6713
6714
6715
6735
6737
6740
6741
6742
6743
6744
6745
6746
6747
6756
6758
6759
6824
6825
6826
6827
6828
6829
6830
6831
6832
6833
6834
6835
6836
6837
6838
6839
6840
6841
6842
6843
6844
6845
6846
6847
6889
6890
6896
6897
6898
6899
6964
6965
6966
6967
6968
6969
6970
6972
6973
6974
6975
6976
6977
6978
6979
6980
6981
6982
6983
6984
6985
6986
6987
6988
6989
6990
6991
6992
6993
6994
6995
6996
6997
6998
6999
7000
7001
7002
7003
7005
7357
7358
7359
7361
7611
7613
7700
7704
7706
7707
7709
8184
8188
8192
8193
8194
8195
8196
8197
8198
8199
8200
8201
8202
8203
8204
8205
8206
8207
8208
8209
8210
8211
8212
8213
8214
8215
8232
8236
8240
8241
8242
8243
8244
8245
8246
8247
8248
8249
8250
8251
8260
8261
8262
8263
8264
8265
8266
8308
8309
8310
8312
8314
8315
8316
8317
8318
8319
8320
8321
8322
8323
8324
8325
8326
8327
8328
8329
8330
8331
8332
8333
8334
8335
8336
8337
8338
8339
8340
8341
8342
8343
8344
8345
8346
8347
8348
8349
8350
8351
8352
8353
8354
8355
8356
8357
8358
8359
8360
8361
8362
8363
8364
8365
8366
8367
8368
8369
8370
8371
8375
8377
8378
8379
8431
8433
8528
8529
8530
8532
8568
8572
8576
8577
8578
8579
8580
8581
8582
8583
10968
10969
10970
10971
10972
10973
10974
10975
10976
10977
10978
10979
10980
10981
10982
10983
10984
10985
10986
10987
10988
10989
10990
10991
10992
10993
10994
10995
10996
10997
10998
10999
11000
11001
11002
11003
11004
11005
11006
11007
11008
11009
11010
11011
11012
11013
11014
11015
11016
11017
11018
11019
11037
11038
11039
11041
11044
11045
11046
11047
11048
11049
11050
11051
11052
11053
11054
11055
11056
11057
11058
11059
11060
11061
11062
11064
11065
11066
11067
11068
11069
11070
11071
11072
11073
11074
11075
11076
11077
11078
11079
11080
11081
11082
11083
11084
11085
11086
11087
11088
11089
11090
11091
11092
11093
11094
11095
11096
11097
11098
11099
11108
11109
11110
11111
11112
11113
11114
11115
11116
11117
11118
11119
11148
11149
11150
11151
11584
11585
11586
11587
11588
11589
11590
11591
11600
11601
11602
11603
11604
11605
11606
11607
11608
11609
11610
11611
11612
11613
11614
11615
11616
11617
11618
11619
11620
11621
11622
11623
11624
11625
11626
11627
11628
11629
11630
11631
11632
11633
11634
11635
11636
11637
11638
11639
11640
11641
11642
11643
11644
11645
11646
11647
11648
11649
11650
11651
11659
11660
11661
11662
11663
11664
11665
11666
11667
11668
11669
11670
11671
11672
11673
11674
11675
11676
11677
11678
11679
11680
11684
11686
11687
11691
11693
11694
11695
11696
11697
11698
11699
11700
11701
11702
11703
11704
11708
11710
11711
11712
11713
11714
11715
11716
11717
11718
11719
11720
11721
11722
11723
11724
11725
11726
11727
11749
11750
11751
11752
11753
11754
11755
11756
11757
11758
11759
11764
11765
11766
11767
11776
11777
11778
11779
11780
11781
11782
11783
11784
11785
11786
11787
11788
11789
11790
11791
11792
11793
11794
11795
11796
11797
11798
11799
11800
11801
11802
11803
11804
11805
11806
11807
11811
11812
11813
11814
11815
11816
11817
11818
11819
11820
11821
11822
11823
11825
11826
11827
11829
11830
11831
11832
11833
11834
11835
11836
11837
11838
11839
11840
11841
11842
11843
11844
11845
11846
11847
11851
11852
11853
11854
11855
11931
13011
13016
13018
13019
13083
13085
13220
13221
13222
13224
13229
13249
13250
13251
13253
13254
13255
13256
13257
13258
13259
13260
13261
13262
13263
13264
13265
13266
13267
13268
13269
13270
13271
13272
13273
13274
13275
13276
13277
13278
13279
13280
13281
13282
13283
13284
13285
13286
13287
13288
13289
13290
13291
13292
13293
13294
13295
13297
13298
13299
13301
13302
13303
13304
13305
13306
13307
13308
13309
13310
13311
13312
13313
13314
13315
13316
13317
13318
13319
13320
13321
13322
13323
13324
13325
13326
13327
13328
13329
13330
13331
13332
13333
13334
13335
13336
13337
13338
13339
13348
13349
13350
13351
13352
13353
13354
13355
13356
13357
13358
13360
13411
13412
13413
13414
13415
13440
13444
13445
13446
13447
13452
13454
13455
13464
13465
13466
13472
13474
13475
13608
13609
13610
13611
13612
13613
13614
13615
13616
13617
13618
13619
13620
13621
13622
13623
13624
13625
13626
13627
13628
13629
13630
13631
13632
13633
13634
13635
13636
13637
13638
13639
13640
13641
13642
13643
13692
13693
13694
13695
13696
13697
13698
13699
13700
13701
13702
13703
13704
13705
13706
13707
13708
13709
13710
13711
13712
13713
13714
13715
13756
13757
13758
13759
13760
13761
13762
13763
13764
13765
13766
13767
13768
13769
13770
13771
13772
13773
13774
13775
13776
13777
13778
13779
13780
13781
13782
13783
13784
13785
13786
13787
13788
13789
13790
13791
13792
13793
13794
13795
13813
13814
13815
13817
13818
13819
13820
13821
13822
13823
13824
13825
13826
13827
13836
13837
13838
13839
13904
13905
13906
13907
13908
13909
13910
13911
13912
13913
13914
13915
13916
13917
13918
13919
13920
13921
13922
13923
13924
13925
13926
13927
13973
13974
13975
13976
13978
13979
13980
13981
13982
13983
14007
14044
14046
14047
14048
14049
14050
14051
14052
14053
14054
14055
14056
14057
14058
14059
14060
14061
14062
14063
14064
14065
14066
14067
14068
14069
14070
14071
14072
14073
14074
14075
14076
14077
14078
14079
14080
14081
14082
14083
14088
14090
14091
13448
13463
13462
13460
13456
13541
13542
13468
13545
13543
14084
13971
13970
13972
13968
14045
14005
14006
13977
14089
11928
11929
11930
11848
11850
11849
14087
14086
14085
13969
13443
13442
13441
13450
13451
13453
13449
13461
13459
13458
13457
13540
13544
13546
13547
13471
13470
13469
13467
13473
13409
13410
13408
6332
6334
6335
6395
6389
6387
6386
6384
6385
6463
6465
6462
6461
6460
6464
6466
6467
6380
6376
6372
6377
6378
6379
6381
6382
6383
6375
6374
6373
6371
6367
6366
6365
6629
6757
6900
6901
6902
6921
6922
6923
6971
6888
6892
6894
7008
6893
6891
7004
7006
4772
4774
4775
4850
4717
4851
