39
168
168
168
168
168
168
168
63
63
63
63
63
63
168
168
168
168
168
168
168
168
168
168
168
168
168
168
168
168
31
147
147
85
107
107
107
107
107
107
107
107
107
107
107
107
107
107
107
107
107
107
107
107
107
107
170
170
170
170
170
170
170
170
170
170
170
170
170
170
170
170
170
194
51
195
68
147
115
58
58
198
139
3
3
3
3
3
3
3
3
3
3
3
3
152
152
152
152
152
152
152
152
152
152
152
152
75
75
75
75
75
75
75
75
75
75
75
75
75
75
75
75
75
75
75
75
75
75
75
75
75
75
32
32
32
32
32
32
32
32
32
32
32
32
32
32
32
32
32
32
32
32
32
32
32
32
32
32
32
32
32
32
32
32
32
32
32
32
32
32
32
32
32
32
144
144
144
144
144
144
144
144
144
144
144
144
144
144
144
144
144
144
144
144
144
144
144
144
144
144
33
146
124
100
100
100
100
100
100
100
100
100
100
100
100
100
100
100
100
100
100
100
100
100
126
126
126
126
126
126
126
126
126
126
126
126
126
126
126
126
126
126
100
22
22
190
16
16
16
16
16
16
16
16
16
16
16
16
16
16
16
16
16
16
160
160
160
160
160
160
160
160
160
160
160
73
73
73
73
73
73
73
73
73
73
73
73
73
73
73
74
74
74
74
74
74
74
74
74
74
74
74
74
74
74
74
74
74
74
74
74
74
74
74
74
74
74
74
74
74
74
74
74
74
62
62
62
62
62
62
62
62
62
62
62
62
62
62
62
62
62
62
62
62
62
62
62
62
62
62
62
62
62
62
62
62
62
62
62
62
62
62
62
62
62
62
62
62
62
62
62
62
62
62
62
62
62
62
62
62
62
62
62
62
62
62
62
62
62
62
62
62
62
194
70
70
70
70
70
70
70
70
70
70
70
70
70
70
70
70
70
70
70
70
70
70
70
70
70
70
70
70
70
70
70
70
46
106
158
196
196
196
196
196
196
196
196
196
158
170
194
4
4
4
4
4
4
4
4
194
178
165
165
165
165
178
194
64
167
123
123
123
123
123
167
64
194
109
41
183
170
80
80
80
167
123
123
123
167
64
194
178
178
178
178
194
64
167
159
79
79
79
79
194
160
160
178
194
64
167
79
79
79
79
79
79
79
79
79
79
72
72
72
72
72
72
72
72
72
72
72
72
72
72
72
72
72
72
72
72
72
72
72
72
72
72
72
72
72
72
72
72
72
72
72
72
72
72
72
72
72
72
72
72
72
0
51
51
159
159
159
159
159
175
175
175
175
175
175
175
175
94
94
150
150
150
150
150
150
150
150
150
150
150
4
27
27
27
27
27
27
27
27
167
167
64
64
64
193
193
193
193
194
194
194
4
27
27
27
27
27
167
138
138
138
138
46
46
46
46
46
194
194
4
27
27
27
27
167
167
167
167
64
193
46
46
46
194
4
117
117
117
27
27
27
128
128
194
77
77
77
41
130
130
130
130
130
130
130
130
130
130
130
41
117
18
93
194
106
106
106
46
46
46
46
46
46
46
46
46
46
46
46
46
46
46
46
46
46
46
46
46
46
46
46
46
46
46
46
46
106
83
83
83
83
83
83
83
83
83
83
83
83
83
83
83
83
83
83
83
83
83
83
83
83
83
83
83
83
42
195
198
191
191
191
191
191
191
191
189
189
189
189
189
189
189
189
189
96
96
96
96
96
96
96
96
96
96
96
96
96
96
96
96
96

