124
129
131
132
135
136
138
140
146
153
165
168
177
179
189
192
198
201
208
221
240
242
251
260
291
301
321
337
352
358
387
408
413
417
428
457
580
647
703
787
1147
1205
1394
1732
1858
1946
1948
2300
3000
3198
3439
3662
3694
5291
6514
6705
7100
7434
8406
8955
9364
9622
9967
10343
10987
11362
11634
12072
12270
12396
12686
12952
13346
13580
13909
14168
14260
14536
14679
14820
15142
15286
15290
15476
15677
15703
16238
16411
16897
17078
17324
17805
18111
18594
18699
18923
19478
19873
20426
20699
21127
21158
22089
22413
22893
23218
23253
24466
25164
25195
25774
26440
26620
27593
28571
28703
29313
29563
29945
30226
30446
30852
30870
31043
31129
31346
31362
31438
31440
31455
31476
31506
31509
31523
31527
31569
31571
31591
31601
31603
31609
31629
31642
31646
31651
31655
31658
31665
31671
31680
31682
31698
31700
31703
31705
31706
31707
31708
31709
31713
14231
6665
6645
10291
13640
15194
18825
21970
21852
18109
11210
8820
3346
1279
1276
1271
2562
6593
9708
12784
14352
16342
19659
22179
25250
29484
29421
29297
24487
21082
14741
114
152
157
122
163
119
162
133
176
123
161
148
185
190
199
171
205
245
225
230
269
206
283
274
319
249
341
312
340
384
414
368
407
544
450
612
788
437
907
1175
1412
725
1311
1497
1928
1883
2040
2083
3390
3280
2804
5602
3924
6633
7416
5031
7254
7660
9588
9888
8846
9116
10100
12387
9867
11073
10919
11593
11696
12637
12760
12511
15467
13410
13306
13928
13903
14241
14264
14647
14693
15123
15154
15619
15601
18583
18689
15732
16309
16447
16975
17133
17693
17856
18533
18764
21021
21138
19634
19954
20546
20792
21919
23324
22150
22987
23377
22902
25920
24799
25404
25320
28402
28808
27155
27939
29374
30029
30296
29671
30265
31116
30598
30946
31214
30812
31447
31374
31462
31338
31487
31483
31517
31521
31549
31544
31576
31582
31623
31586
31625
31585
31661
31624
31662
31649
31626
31650
31688
31667
31689
31668
31712
31710
31722
31678
31721
31679
31728
31690
3060
4368
6907
9839
11502
1581
343
404
451
738
731
345
406
440
1482
3038
1987
3619
5940
8475
11140
11203
12520
13405
13725
15323
15903
16769
18021
18078
20863
22617
24180
24625
27177
28864
30322
31148
31307
31466
30278
28564
30982
31236
31451
23760
18531
20682
22741
25454
