4495
2163
0
1
4
5
8
9
36
37
54
55
183
184
185
187
189
256
257
260
261
285
287
424
440
441
442
443
444
445
446
447
448
449
450
451
452
453
454
455
456
457
458
459
460
461
462
463
464
465
466
467
468
469
470
471
472
473
474
475
476
477
478
479
480
481
482
483
484
485
486
487
488
489
490
491
492
493
494
495
496
497
498
499
500
501
502
503
504
505
506
507
508
509
510
511
512
513
514
515
516
517
518
519
520
521
522
523
524
525
526
527
528
529
530
531
532
533
602
603
660
661
662
663
664
665
668
669
672
673
674
675
676
677
678
679
754
755
764
765
768
769
770
771
872
873
874
875
876
877
878
879
880
881
882
884
888
889
890
891
892
893
894
895
896
897
898
899
901
903
905
907
908
909
910
911
912
913
914
915
1220
1221
1222
1223
1292
1294
1296
1297
1298
1299
1300
1301
1302
1303
1320
1321
1322
1323
1742
1743
1744
1745
1814
1815
1816
1817
1894
1895
1896
1897
1914
1915
1916
1917
1922
1923
1924
1925
1930
1931
1932
1933
1934
1935
1936
1937
1938
1974
1975
1977
1979
1982
1983
1984
1986
1987
1988
1989
1998
2014
2015
2028
2029
2032
2033
2036
2037
2042
2043
2044
2068
2069
2070
2071
2072
2073
2074
2075
2076
2077
2078
2079
2080
2081
2082
2083
2084
2085
2086
2087
2088
2089
2096
2097
2098
2099
2122
2124
2134
2154
2155
2156
2157
2158
2159
2160
2161
2162
2163
2164
2165
2166
2167
2168
2169
2170
2171
2172
2173
2174
2175
2176
2177
2178
2179
2180
2181
2182
2183
2184
2185
2186
2187
2188
2189
2198
2199
2200
2201
2202
2203
2204
2205
2206
2207
2208
2209
2210
2211
2212
2213
2214
2215
2216
2217
2218
2219
2220
2221
2222
2223
2224
2225
2226
2227
2228
2229
2230
2231
2232
2233
2234
2235
2236
2237
2238
2239
2240
2241
2242
2243
2244
2245
2246
2247
2249
2250
2251
2252
2253
2254
2255
2257
2258
2259
2261
2262
2263
2264
2265
2266
2267
2268
2269
2270
2271
2272
2273
2274
2275
2276
2277
2278
2279
2280
2281
2282
2283
2284
2285
2286
2287
2288
2289
2290
2291
2292
2293
2294
2295
2296
2297
2298
2299
2300
2301
2302
2303
2304
2305
2306
2307
2308
2309
2310
2311
2312
2313
2314
2315
2316
2317
2318
2319
2320
2321
2322
2323
2324
2325
2326
2327
2328
2329
2336
2337
2340
2341
2344
2345
2372
2373
2390
2391
2519
2520
2521
2523
2525
2592
2593
2596
2597
2621
2623
2760
2761
2776
2777
2778
2779
2780
2781
2782
2783
2784
2785
2786
2787
2788
2789
2790
2791
2792
2793
2794
2795
2796
2797
2798
2799
2800
2801
2802
2803
2804
2805
2806
2807
2808
2809
2810
2811
2812
2813
2814
2815
2816
2817
2818
2819
2820
2821
2822
2823
2824
2825
2826
2827
2828
2829
2830
2831
2832
2833
2834
2835
2836
2837
2838
2839
2840
2841
2842
2843
2844
2845
2846
2847
2848
2849
2850
2851
2852
2853
2854
2855
2856
2857
2858
2859
2860
2861
2862
2863
2864
2865
2866
2867
2868
2869
2938
2939
2996
2997
2999
3000
3001
3004
3005
3008
3009
3010
3011
3012
3013
3014
3015
3090
3091
3100
3101
3104
3105
3106
3107
3208
3209
3210
3211
3212
3213
3214
3215
3216
3217
3218
3219
3224
3225
3226
3227
3228
3229
3230
3231
3232
3233
3234
3235
3236
3237
3239
3241
3243
3245
3246
3247
3248
3249
3250
3251
3556
3557
3558
3559
3628
3629
3630
3632
3633
3634
3635
3636
3637
3638
3639
3656
3657
3658
3659
4078
4079
4080
4081
4150
4151
4152
4153
4230
4231
4232
4233
4250
4251
4252
4253
4258
4259
4260
4261
4266
4267
4268
4269
4270
4271
4272
4273
4275
4311
4313
4318
4319
4320
4321
4322
4323
4324
4325
4350
4351
4362
4363
4364
4365
4368
4369
4372
4373
4378
4379
4381
4404
4405
4406
4407
4408
4409
4410
4411
4412
4413
4414
4415
4416
4417
4418
4419
4420
4421
4422
4423
4424
4425
4432
4433
4434
4435
4458
4460
4470
4471
4490
4491
4492
4493
4494
4495
4496
4497
4498
4499
4500
4501
4502
4503
4504
4505
4506
4507
4508
4509
4510
4511
4512
4513
4514
4515
4516
4517
4518
4519
4520
4521
4522
4523
4524
4525
4534
4535
4536
4537
4538
4539
4540
4541
4542
4543
4544
4545
4546
4547
4548
4549
4550
4551
4552
4553
4554
4555
4556
4557
4558
4559
4560
4561
4562
4563
4564
4565
4566
4567
4568
4569
4570
4571
4572
4573
4574
4575
4576
4577
4578
4579
4580
4581
4582
4583
4584
4585
4586
4587
4588
4589
4590
4591
4593
4594
4595
4597
4598
4599
4600
4601
4602
4603
4604
4605
4606
4607
4608
4609
4610
4611
4612
4613
4614
4615
4616
4617
4618
4619
4620
4621
1295
1293
3631
1985
182
2518
900
2248
2524
902
188
2522
904
3240
4592
2256
3242
906
3244
2260
4596
186
2622
286
2620
284
2998
425
4461
4459
2123
2125
4335
2027
4359
2023
4355
2019
2018
4354
2022
4358
2026
883
3221
885
3223
887
4527
2191
4529
4528
4526
2190
3222
886
3220
2092
4466
2130
1939
4279
4291
1943
4277
1941
1955
4287
4283
4274
1942
4278
1954
4290
4286
1950
1946
1957
4289
1951
4293
1945
4281
1944
4280
4276
1940
4292
1956
1952
4312
1976
4310
1978
4314
1980
