1490
1491
1462
1463
1466
1489
1467
1492
1495
1496
1498
1482
1486
1483
1479
1480
1481
1484
956
1110
1109
1107
1106
1104
1103
1102
1099
1101
1100
1098
1091
1090
1089
1115
1116
1113
1112
1111
46
971
975
977
966
965
926
927
967
969
976
961
960
963
968
964
958
951
962
979
981
1065
1066
1082
1083
1084
1062
980
982
1085
1063
1064
978
1086
1087
1088
1124
1125
1126
1149
1148
1127
1095
1123
1122
1129
1181
1182
1128
1097
1094
1096
1132
1133
1134
1135
1185
1183
1131
1138
1184
1137
1139
1541
1539
1540
1512
1511
1510
1513
1515
1536
1535
1534
1547
1533
1514
1502
1516
1504
1505
1493
1517
1474
1494
1501
1503
1509
1499
1500
1545
1546
1537
1543
1544
1548
1645
1646
1644
1643
1658
1659
1642
1542
1538
1487
1488
949
948
929
928
925
48
970
957
950
924
47
49
972
983
1067
1068
1058
984
974
973
1081
1118
1117
1145
1152
1151
1156
1157
1179
1178
1150
1121
1147
1146
1180
1120
1186
1187
1191
1190
1655
1656
1641
1654
1657
1647
1648
1649
1650
1407
1188
1408
1406
1405
1189
1177
1176
1174
1404
1410
1409
1415
1416
1403
1412
1411
1413
1796
1402
1800
1798
1797
1799
1801
1795
1774
1775
1400
1399
1169
1170
1173
1175
1158
1159
1172
1401
1803
1165
1161
1162
1163
1154
1059
1119
1153
1155
1160
1080
1069
985
923
922
921
931
930
946
947
1468
1470
1472
1508
1506
1518
1519
1521
1507
1473
1520
1478
1640
1105
1142
1141
1140
1143
1144
1475
1108
1136
1093
1092
1130
959
952
955
954
953
1485
1497
1476
1477
1773
1772
1771
1682
1683
1769
1768
1809
1770
1681
887
1750
1684
1686
1687
1678
1676
1677
1679
1680
1685
1802
1804
1398
1414
1780
1781
1778
1784
1777
1776
886
1746
1749
1744
1748
1751
883
889
885
877
879
874
872
892
888
890
891
895
893
894
679
678
680
871
878
875
882
884
1669
1668
864
1667
1670
1675
1674
1688
1671
1672
1690
1691
1693
1694
1695
1710
1689
1747
1745
1740
1739
1716
1715
1714
1713
1707
1706
1699
1698
1700
846
847
1696
1711
1712
2181
1697
1709
849
850
851
852
854
853
855
848
845
844
843
842
841
809
810
811
812
857
856
1673
1708
881
880
865
866
867
861
862
840
860
858
859
825
826
837
835
870
681
869
868
873
834
833
831
832
829
836
838
839
824
876
683
863
703
704
827
828
819
820
822
823
821
818
707
708
817
795
797
800
796
793
792
785
776
775
791
774
773
807
813
814
815
803
798
794
799
805
790
804
802
816
808
806
801
1692
1701
1703
1721
770
771
1704
1717
1705
1743
1718
1720
784
786
696
697
699
698
700
701
688
686
685
665
666
684
830
702
705
706
788
787
789
682
667
676
675
674
668
896
677
565
573
560
561
574
2289
3144
575
669
670
664
662
672
673
567
570
557
572
576
559
571
671
566
687
663
535
661
660
558
568
534
533
536
538
689
690
555
580
913
914
908
3140
910
911
3142
3139
3141
3143
577
3147
2290
2291
3145
3146
3153
3154
3155
3156
3176
3157
3175
3177
3178
3179
3180
3172
3166
3167
3067
2889
2890
3173
3174
3159
3158
3137
3138
3160
3162
3164
3064
3063
2885
3128
3129
3161
3135
3136
578
912
909
907
593
592
594
3163
3165
3065
3066
2887
3068
3132
3134
579
556
569
584
583
554
553
581
582
1449
1453
1454
1455
1456
1452
1451
1448
1471
1450
1445
1444
1446
1585
1582
1583
1579
1584
1578
1580
1581
1576
1575
1573
1574
1425
1426
1427
2318
2317
2348
2349
2350
2315
1457
1458
1459
1460
941
944
945
1461
1464
1465
1469
932
942
943
1437
1440
1441
1568
1566
1572
1569
1567
1443
1570
1571
1442
1565
1564
1563
1562
1439
1438
1447
1561
1586
1587
1588
1590
1591
1428
1429
1430
2384
1593
1592
1589
1577
1114
1702
772
777
778
779
783
766
765
769
1723
768
1738
1741
691
532
537
3133
3131
3130
3127
3126
3060
3062
3061
3125
595
2316
2351
2352
2381
2382
2383
2319
2296
2297
2314
2313
2353
2294
1719
1722
1734
1735
1767
1754
1742
1752
1753
1737
1755
1736
1732
1733
1724
767
762
763
1060
782
695
692
531
539
552
551
550
1522
1531
1530
1550
1549
2380
2379
2378
2298
2299
2882
2884
2883
2886
3057
3058
3059
3010
3009
3011
3012
2877
2876
2878
2879
2872
2873
2362
2360
2358
2370
2373
2374
2376
2377
2375
2359
2361
2874
2875
2329
2356
2309
2330
2355
2354
2357
2308
2311
2312
2307
2301
2305
2306
2325
2326
2327
2331
2332
3007
2328
2310
2300
1651
1551
1552
1529
1532
764
757
780
781
761
760
1725
1726
1731
694
693
