0
1
2
3
5
6
10
11
12
13
49
50
51
52
61
62
63
64
65
66
67
68
77
78
79
80
695
696
697
698
699
700
701
702
703
704
705
706
707
708
709
710
759
760
761
762
763
765
767
768
769
770
771
772
773
774
775
776
777
778
779
780
781
783
784
785
786
787
788
789
790
791
792
793
794
795
796
797
798
799
800
801
802
803
804
805
806
809
810
820
821
822
857
858
868
870
892
893
894
895
896
897
898
899
908
909
910
911
912
913
914
915
946
947
963
984
985
988
989
990
991
992
993
994
995
996
997
998
999
1930
1931
1932
1933
1934
1935
1936
1937
1938
1939
1940
1941
1942
1943
1944
1945
1948
1959
1961
1994
1995
1996
1997
2006
2007
2008
2009
2015
2017
2020
2026
2027
2030
2031
2032
2033
2034
2035
2036
2037
2038
2040
2058
2059
2060
2061
2062
2063
2064
2065
2066
2067
2068
2069
2070
2071
2072
2073
2076
2077
2087
2089
2122
2123
2124
2125
2134
2135
2136
2137
2154
2155
2158
2159
2160
2161
2162
2163
2164
2165
2166
2168
2170
2171
2174
2175
2176
2177
2178
2179
2180
2181
2182
2184
2187
2188
2189
2199
2201
2236
2237
2247
2249
2282
2283
2284
2285
2286
2287
2288
2289
2290
2291
2292
2293
2294
2295
2296
2297
2883
2884
2885
2886
2895
2896
2897
2898
2963
2964
2965
2966
2967
2969
2971
2972
2975
2976
2977
2978
2983
2984
2985
2986
2987
2988
2989
2990
3075
3076
3077
3078
3080
3081
3082
3083
3084
3085
3088
3090
3132
3133
3134
3135
3136
3137
3138
3139
3148
3149
3150
3151
3152
3153
3154
3155
3753
3755
3757
3758
3761
3762
3763
3764
3765
3766
3767
3768
3817
3818
3819
3820
3821
3822
3823
3824
3825
3826
3827
3828
3829
3830
3831
3832
3833
3834
3835
3836
3837
3838
3840
3841
3842
3843
3844
3845
3846
3847
3848
3849
3850
3853
3854
3855
3856
3857
3858
3859
3860
3861
3863
3866
3868
3870
3871
3872
3914
3916
3919
3920
3950
3951
3954
3955
3956
3957
3958
3959
3960
3961
3970
3971
3972
3973
3974
3975
3976
3977
4021
4042
4044
4046
4047
4048
4049
4050
4051
4052
4053
4054
4055
4056
4057
4990
4991
4992
4993
4994
4995
4996
4997
4998
4999
5000
5001
5002
5003
5004
5005
5007
5009
5010
5011
5012
5013
5054
5055
5056
5057
5058
5059
5060
5061
5086
5088
5090
5091
5093
5094
5095
5096
5097
5098
5099
5100
5101
5118
5120
5121
5122
5123
5126
5127
5128
5129
5130
5131
5132
5133
5134
5135
5136
5137
5138
5139
5140
5141
5182
5183
5184
5185
5186
5187
5188
5189
5214
5216
5218
5219
5222
5223
5224
5225
5226
5227
5228
5229
5230
5232
5234
5235
5238
5239
5240
5241
5242
5243
5244
5245
5247
5249
5252
5253
5295
5296
5297
5300
5301
5342
5344
5346
5347
5350
5351
5352
5353
5354
5355
5356
5357
5948
5949
5950
5951
5952
5953
5954
5955
6028
6029
6030
6031
6032
6033
6034
6035
6036
6038
6040
6041
6048
6049
6050
6051
6052
6053
6054
6055
6274
6275
6276
6277
6278
6279
6280
6281
6284
6285
6286
6287
6322
6323
6324
6325
6334
6335
6336
6337
6338
6339
6340
6341
6350
6351
6352
6353
6968
6969
6970
6971
6972
6973
6974
6975
6976
6977
6978
6979
6980
6981
6982
6983
7032
7033
7034
7035
7036
7038
7040
7041
7042
7043
7044
7045
7046
7047
7048
7049
7050
7051
7052
7053
7054
7056
7057
7058
7059
7060
7061
7062
7063
7064
7065
7066
7067
7068
7069
7070
7071
7072
7073
7074
7075
7076
7077
7078
7079
7082
7083
7093
7094
7095
7130
7131
7141
7143
7165
7166
7167
7168
7169
7170
7171
7172
7175
7181
7182
7183
7184
7185
7186
7187
7188
7219
7220
7236
7257
7258
7261
7262
7263
7264
7265
7266
7267
7268
7269
7271
7272
8205
8206
8207
8208
8209
8210
8211
8212
8213
8214
8215
8216
8217
8218
8219
8220
8223
8234
8236
8269
8270
8271
8272
8281
8282
8283
8284
8290
8292
8295
8301
8302
8305
8306
8307
8308
8309
8310
8311
8312
8313
8315
8333
8334
8335
8336
8337
8338
8339
8340
8341
8342
8343
8344
8345
8346
8347
8348
8351
8352
8362
8364
8397
8398
8399
8400
8409
8410
8411
8412
8429
8430
8433
8434
8435
8436
8437
8438
8439
8440
8441
8443
8445
8446
8449
8450
8451
8452
8453
8454
8455
8456
8457
8459
8462
8463
8464
8474
8476
8511
8512
8522
8524
8557
8558
8559
8560
8561
8562
8563
8564
8565
8566
8567
8568
8569
8570
8571
8572
9155
9156
9157
9158
9167
9168
9169
9170
9235
9236
9237
9238
9239
9241
9243
9244
9247
9248
9249
9250
9255
9256
9257
9258
9259
9260
9261
9262
9347
9348
9349
9350
9351
9352
9353
9354
9355
9356
9357
9358
9360
9362
9405
9406
9407
9408
9409
9410
9411
9412
9421
9422
9423
9424
9425
9426
9427
9428
10030
10032
10034
10035
10038
10039
10040
10041
10042
10043
10044
10045
10094
10095
10096
10097
10098
10099
10100
10101
10102
10103
10104
10105
10106
10107
10108
10109
10110
10111
10112
10113
10114
10115
10116
10117
10118
10119
10120
10121
10122
10123
10124
10125
10126
10127
10130
10131
10132
10133
10134
10135
10136
10137
10138
10140
10143
10145
10147
10148
10149
10191
10193
10196
10197
10227
10228
10231
10232
10233
10234
10235
10236
10237
10238
10247
10248
10249
10250
10251
10252
10253
10254
10298
10319
10320
10321
10323
10324
10325
10326
10327
10328
10329
10330
10331
10332
10333
10334
11269
11270
11271
11272
11273
11274
11275
11276
11277
11278
11279
11280
11281
11282
11283
11284
11286
11288
11289
11290
11291
11292
11333
11334
11335
11336
11337
11338
11339
11340
11365
11367
11369
11370
11371
11372
11373
11374
11375
11376
11377
11378
11379
11380
11397
11399
11400
11401
11402
11405
11406
11407
11408
11409
11410
11411
11412
11413
11414
11415
11416
11417
11418
11419
11420
11461
11462
11463
11464
11465
11466
11467
11468
11493
11495
11497
11498
11501
11502
11503
11504
11505
11506
11507
11508
11509
11511
11513
11514
11517
11518
11519
11520
11521
11522
11523
11524
11526
11528
11531
11532
11574
11575
11576
11579
11580
11621
11623
11625
11626
11629
11630
11631
11632
11633
11634
11635
11636
12227
12228
12229
12230
12231
12232
12233
12234
12307
12308
12309
12310
12311
12312
12313
12314
12315
12317
12319
12320
12327
12328
12329
12330
12331
12332
12333
12334
782
7055
3852
10129
10128
3851
10139
3862
3864
10141
10037
10036
3760
10031
3754
3759
10033
3756
5349
11628
5348
11627
11622
5343
11624
5345
11403
5124
11398
5119
11404
5125
7235
962
7230
957
7232
959
983
7256
982
7255
7250
977
931
979
7252
4019
4024
3839
10296
10301
10302
4025
4033
10310
4031
10308
4036
10313
4037
3079
4
902
