326
327
295
231
219
217
248
240
255
245
261
260
266
278
313
348
375
414
437
477
499
527
557
586
616
633
689
700
710
730
738
745
774
827
916
1000
1134
1288
1506
1740
1832
1781
1762
1759
1747
1816
1874
1984
2083
2281
2529
2771
2952
3129
3388
3680
3883
4098
4299
4462
4595
4766
4853
5020
5036
5045
5051
5082
5054
5072
5331
5450
5618
5846
5956
6275
6295
6357
6334
6340
6348
6365
6439
6453
6469
6482
6502
6528
6555
6584
6606
6644
6672
6714
6741
6768
6800
6809
6837
6853
6863
6869
6883
6896
6895
6894
6870
6829
6820
