16
17
18
19
20
21
22
24
25
26
27
28
122
123
235
238
239
240
241
244
360
362
375
377
378
387
388
389
390
391
392
393
394
395
396
397
398
404
407
408
409
410
411
412
413
415
416
417
418
419
420
421
422
473
474
690
691
736
737
738
739
748
749
750
751
1272
1572
1573
1574
1575
1576
1577
1578
1579
1580
1582
1584
2905
2906
2907
2908
2918
2921
2922
2923
2925
2926
2927
2928
2929
2930
2931
2932
2933
2934
2935
2936
2937
2938
2939
2940
2941
2942
2945
2946
2947
2948
2949
2950
2951
2954
2957
2958
2959
2960
2963
3183
3184
4233
4235
4236
4237
4238
4241
4242
4243
4244
4245
4246
4247
4601
4603
4604
4609
4610
4613
4614
4615
4616
4700
4704
4705
4809
4810
4812
4813
4814
4815
4816
4817
4819
4820
4935
4936
4946
4949
4950
4951
4952
4953
4954
4955
4956
4965
4966
4967
4968
4977
4978
4980
4981
4982
4983
4984
4985
4986
4987
4988
4989
4991
4992
4993
4994
6116
6117
6118
6119
6129
6130
6131
7447
7448
7449
7450
7451
7453
7455
7456
7459
7460
7461
7462
7468
7470
7472
7473
7474
7479
7480
7482
7483
7485
7487
7488
7495
7497
7498
7503
7504
7507
7508
7509
7510
8775
8776
8777
8778
8779
8781
8783
8784
8787
8788
8789
8790
8922
9127
9128
9129
9130
9131
9132
9133
9134
9135
9137
9176
9178
9181
9182
9193
9194
9204
9206
9251
9252
9253
9254
9255
9257
9259
9260
9263
9264
9265
9266
9267
9268
9269
9270
9271
9272
9273
9274
9275
9277
9279
9280
9284
9286
9289
9315
9316
9317
9318
9319
9320
9321
9323
9325
9326
9327
9420
9421
9534
9537
9538
9539
9540
9543
9659
9661
9674
9676
9677
9686
9687
9688
9689
9690
9691
9692
9693
9694
9695
9696
9697
9703
9706
9707
9708
9709
9710
9711
9712
9714
9715
9716
9717
9718
9719
9720
9721
9773
9862
9989
9990
10035
10036
10037
10038
10047
10048
10049
10050
10571
10872
10873
10875
10876
10877
10878
10879
10880
10882
10884
12206
12207
12208
12209
12219
12221
12222
12223
12224
12226
12227
12228
12229
12230
12231
12232
12233
12234
12235
12236
12237
12238
12239
12240
12241
12242
12243
12246
12247
12248
12249
12250
12251
12252
12255
12258
12259
12260
12261
12264
12479
12484
13534
13536
13537
13538
13539
13542
13543
13544
13545
13546
13547
13548
13549
13902
13904
13905
13910
13911
13913
13914
13915
13916
13917
14000
14002
14005
14006
14108
14109
14111
14112
14113
14114
14115
14116
14118
14119
14234
14235
14245
14248
14249
14250
14251
14252
14253
14254
14255
14264
14265
14266
14267
14276
14277
14279
14280
14281
14282
14283
14284
14285
14286
14287
14288
14290
14292
14293
15416
15417
15418
15419
15428
15429
15430
15431
16748
16749
16750
16751
16752
16754
16755
16756
16757
16760
16761
16762
16769
16771
16773
16774
16775
16780
16781
16783
16784
16786
16788
16789
16790
16791
16796
16798
16799
16804
16805
16808
16809
16810
16811
18076
18077
18078
18079
18080
18082
18084
18085
18087
18088
18089
18090
18091
18223
18428
18429
18430
18431
18432
18433
18434
18435
18436
18438
18477
18479
18482
18483
18494
18495
18505
18507
18552
18553
18554
18555
18556
18558
18560
18561
18564
18565
18566
18567
18568
18569
18570
18571
18572
18573
18574
18575
18576
18578
18580
18581
18585
18587
18590
561
9860
566
9865
12225
2924
2944
12245
12244
2943
9322
23
7490
7489
7469
16770
7467
7471
16772
16768
16779
7477
16778
7478
7475
16776
7463
16764
16765
7464
7493
16794
7491
16792
4701
4696
13995
4695
13996
18221
8920
18226
8925
7476
16777
7466
16767
16766
7465
7494
16795
7492
16793
16782
7481
5824
15123
13903
4602
10000
701
10002
9290
703
18591
14256
4957
4959
14258
18441
9140
18440
9139
745
10044
744
10039
10043
740
10041
742
9683
384
383
9682
9678
379
4805
14104
14117
4818
4796
14095
4948
14247
4947
14246
4945
14244
4933
14232
4934
14233
4942
14241
4941
14240
14236
4937
14238
4939
14261
4962
14260
4961
14278
4979
18493
9192
18492
9191
9203
18506
18504
9205
9988
689
9987
700
688
9999
18589
702
10001
9288
18588
9287
18586
9283
18584
9285
9180
18481
9179
18480
18476
9175
9177
18478
376
9675
9671
372
381
9680
9660
361
9670
371
9658
359
9662
363
9664
365
9666
367
369
364
9663
9668
9665
366
229
9528
237
9536
236
9535
234
9533
9529
230
9541
242
9544
245
2956
12257
243
9542
232
9531
231
9530
9526
227
228
9527
4794
14093
14098
4799
14094
4795
4793
14092
14096
4797
14110
4811
14105
4806
14107
4808
14106
4807
4790
14089
15121
5822
5811
15110
5812
5150
14449
5148
14447
5137
14437
5048
5138
8786
18086
14436
15122
5823
15120
5821
5809
15108
15109
5810
15111
14448
5147
5149
14434
5136
14435
14347
8785
8780
15425
6125
8782
18083
18081
5046
14345
14346
5047
5135
14446
6124
15424
6128
6120
15420
15422
6122
13997
4697
15117
5818
4607
13908
4605
13906
15116
5817
9866
567
1268
10567
10570
1271
10565
1266
9328
29
1270
10569
1269
10568
10564
1265
2920
4971
14270
4969
14268
4973
14272
14273
4974
9197
18498
9195
18496
9199
18500
9200
18501
694
9993
692
9991
9995
696
697
9996
9293
18594
9291
18592
18596
9295
9185
9296
18597
9183
18486
18488
18484
9187
18489
9188
401
9700
9698
399
9702
403
563
4248
10883
1583
1581
10881
1586
10886
10887
1587
10885
1585
10874
9783
9772
484
9785
486
13521
4220
13520
4219
13531
4230
13533
4232
489
9788
1267
10566
9864
565
9863
564
560
9859
9861
562
9771
472
9770
471
9782
483
485
9784
4218
13519
4217
4229
13530
13518
13532
4231
488
16763
