0
1
2
3
4
8
9
10
11
12
13
14
15
16
17
18
19
28
29
30
31
58
59
138
139
140
141
142
143
144
145
150
151
152
153
162
163
164
165
166
167
168
169
170
171
172
173
174
175
176
177
178
179
180
181
182
183
184
185
186
188
190
191
194
195
196
197
205
246
250
251
252
253
254
255
256
257
258
259
260
261
262
263
264
265
266
267
268
269
270
271
272
273
274
275
276
277
280
281
291
293
752
753
754
755
764
765
767
784
785
786
787
788
789
790
791
792
793
794
795
1073
1074
1075
1076
1077
1078
1079
1080
1081
1082
1085
1086
1087
1088
1091
1092
1102
1103
1104
1132
1137
1138
1139
1140
1146
1148
1149
1150
1151
1152
1153
1154
1155
1156
1157
1159
1161
1162
1165
1166
1167
1168
1169
1170
1171
1172
1173
1174
1175
1176
1177
1179
1181
1182
1233
1234
1235
1236
1237
1239
1241
1242
1245
1246
1247
1248
1269
1270
1271
1272
1273
1274
1275
1276
1318
1320
1323
1324
1329
1330
1331
1332
1333
1334
1335
1336
1337
1338
1339
1340
1341
1342
1343
1344
1345
1346
1349
1350
1351
1352
1353
1354
1355
1356
1357
1359
1361
1362
1365
1366
1367
1368
1369
1370
1371
1372
1373
1374
1375
1376
1381
1382
1383
1384
1385
1386
1387
1388
1389
1391
1401
1402
1403
1404
1405
1407
1408
1409
1410
1413
1414
1415
1416
1417
1418
1419
1420
1421
1423
1430
1432
1433
1434
1435
1436
1472
1543
1544
2475
2476
2477
2478
2483
2487
2488
2489
2490
2491
2492
2493
2494
2495
2496
2498
2499
2500
2501
2502
2503
2504
2505
2506
2528
2530
2533
2534
2555
2556
2557
2558
2559
2560
2561
2562
2563
2564
2565
2566
2567
2568
2569
2570
2571
2572
2573
2574
2575
2576
2577
2578
2579
2580
2581
2582
2583
2584
2585
2586
2592
2594
2597
2598
2604
2605
2606
2616
2619
2620
2621
2622
2623
2624
2625
2626
2627
2628
2629
2630
2631
2632
2633
2634
2656
2658
2683
2684
2685
2686
2687
2688
2689
2690
2691
2692
2693
2694
2695
2696
2697
2698
2699
2700
2701
2702
2703
2704
2705
2706
2707
2708
2709
2710
2711
2712
2713
2714
2719
2720
2722
2723
2724
2725
2726
2735
2736
2737
2738
2739
2740
2741
2742
2743
2745
2747
2748
2749
2750
2751
2753
2754
2755
2756
2759
2760
2761
2762
2779
2780
2782
2783
2784
2785
2786
2787
2788
2789
2790
2791
2793
2843
2844
2845
2846
2847
2848
2849
2850
2851
2852
2853
2854
2855
2856
2857
2858
2939
2940
2941
2942
2951
2952
2953
2954
2959
2960
2961
2962
2963
2964
2965
2966
2971
2972
2973
2974
2975
2976
2977
2978
2979
2980
2981
2982
2983
2984
2985
2986
2987
2988
2989
2990
2999
3000
3002
3023
3024
3025
3026
3027
3028
3029
3030
3071
3072
3073
3074
3075
3076
3077
3078
3088
3089
3090
3099
3100
3101
3102
3103
3105
3107
3111
3112
3113
3114
3119
3120
3121
3122
3123
3124
3125
3126
3179
3180
3181
3182
3191
3192
3193
3194
3243
3244
3245
3246
3255
3256
3258
3279
3280
3281
3282
3283
3284
3285
3286
3302
3309
3310
3320
3321
3322
3343
3344
3345
3346
3347
3348
3349
3350
3371
3372
3373
3374
3383
3384
3385
3386
3407
3408
3409
3410
3411
3412
3413
3414
3415
3417
3435
3437
3438
3447
3448
3449
3450
3455
3456
3457
3458
3459
3460
3461
3462
3515
3516
3517
3518
3527
3528
3529
3530
3551
3552
3553
3554
3555
3556
3557
3558
3595
3596
3597
3598
3607
3608
3609
3610
4015
4016
4019
4020
4021
4022
4023
4024
4025
4026
4027
4028
4029
4030
4031
4032
4033
4034
4035
4037
4039
4040
4042
4059
4060
4063
4064
4065
4066
4067
4068
4069
4070
4071
4073
4074
4075
4076
4077
4078
4087
4088
4089
4090
4091
4092
4093
4094
4103
4104
4105
4106
4395
4396
4397
4398
4399
4400
4401
4402
4403
4404
4405
4406
4407
4408
4409
4410
4475
4476
4477
4478
4487
4488
4489
4490
4496
4498
4501
4502
4511
4512
4513
4514
4515
4516
4517
4518
4519
4521
4587
4588
4591
4592
4593
4594
4595
4597
4598
4603
4604
4605
4606
4607
4608
4609
4610
4611
4613
4615
4616
4646
4719
4720
4721
4722
4723
4724
4725
4726
4727
4728
4729
4730
4731
4732
4733
4734
4743
4744
4745
4746
4747
4748
4749
4751
4752
4753
4754
4755
4756
4757
4758
4759
4760
4761
4762
4763
4764
4765
4766
4767
4769
4771
4772
4788
4789
4790
4823
4824
4825
4827
4828
4829
4830
4831
4832
4833
4834
4835
4836
4837
4838
4839
4840
4841
4842
4843
4844
4845
4846
4847
4848
4849
4850
4851
4852
4853
4854
4856
4858
4861
4862
5297
5298
5299
5300
5301
5302
5303
5304
5333
5334
5335
5336
5337
5338
5339
5340
5341
5342
5343
5344
5619
5620
5621
5622
5623
5624
5625
5626
5627
5629
5631
5632
5633
5634
5636
5641
5642
5683
5684
5685
5686
5687
5688
5689
5690
5691
5692
5693
5694
5695
5696
5699
5700
5701
5702
5703
5704
5705
5706
5707
5709
5711
5712
5715
5716
5717
5718
5719
5721
5723
5724
5727
5728
5729
5730
5779
5780
5781
5782
5783
5784
5785
5786
5787
5789
5791
5792
5820
5822
5825
5826
5868
5870
5873
5874
5875
5876
5877
5878
5879
5880
5881
5882
5883
5884
5885
5886
5887
5888
5889
5890
5899
5900
5901
5902
5903
5904
5905
5906
5911
5912
5915
5916
5917
5918
5919
5920
5921
5922
5928
5931
5932
5933
5934
5935
5937
5938
5944
5946
5948
5949
5950
5955
5957
5959
5960
5963
5964
5965
5966
5967
5968
5969
5970
5982
6009
6010
6088
6090
6093
6094
7019
7020
7022
7023
7024
7025
7026
7035
7036
7037
7038
7039
7040
7041
7042
7043
7044
7045
7046
7047
7048
7049
7050
7052
7054
7057
7058
7099
7100
7101
7102
7103
7104
7105
7106
7107
7108
7109
7110
7111
7112
7113
7114
7115
7116
7117
7118
7119
7120
7121
7122
7123
7124
7125
7126
7127
7128
7129
7130
7139
7140
7141
7142
7143
7145
7146
7148
7150
7163
7164
7165
7166
7167
7168
7169
7170
7171
7172
7173
7174
7175
7176
7177
7178
7180
7182
7185
7186
7227
7228
7229
7230
7231
7232
7233
7234
7235
7236
7237
7238
7239
7240
7241
7242
7243
7245
7246
7247
7248
7251
7252
7253
7254
7255
7256
7257
7258
7259
7261
7263
7264
7267
7268
7269
7270
7271
7272
7273
7274
7279
7280
7283
7284
7285
7286
7287
7288
7289
7290
7291
7292
7293
7294
7295
7296
7297
7298
7299
7301
7303
7304
7306
7323
7325
7331
7332
7333
7334
7335
7336
7337
7338
7340
7342
7345
7346
7387
7388
7389
7390
7391
7392
7393
7394
7395
7396
7397
7398
7399
7400
7401
7402
7483
7484
7485
7486
7487
7488
7489
7490
7499
7501
7503
7507
7508
7509
7510
7511
7512
7513
7514
7515
7516
7517
7518
7519
7520
7521
7522
7523
7524
7525
7526
7527
7528
7529
7530
7531
7532
7533
7534
7535
7536
7537
7538
7539
7543
7544
7571
7572
7573
7574
7575
7576
7577
7578
7620
7621
7622
7625
7626
7640
7641
7642
7643
7644
7645
7646
7647
7648
7649
7650
7651
7652
7653
7655
7656
7657
7658
7667
7668
7669
7670
7671
7672
7673
7674
7723
7724
7725
7726
7727
7728
7729
7730
7787
7788
7789
7790
7791
7792
7793
7794
7799
7800
7827
7828
7829
7830
7831
7832
7833
7834
7845
7846
7851
7852
7853
7854
7855
7856
7857
7858
7859
7861
7891
7892
7893
7894
7895
7896
7897
7898
7915
7916
7917
7918
7919
7920
7921
7922
7923
7925
7951
7952
7955
7956
7957
7958
7959
7960
7961
7962
7979
7980
7981
7982
7983
7984
7985
7986
8003
8004
8005
8006
8007
8008
8009
8010
8059
8060
8061
8062
8063
8064
8065
8066
8099
8100
8101
8102
8103
8104
8105
8106
8139
8140
8141
8142
8143
8144
8145
8146
8555
8556
8559
8560
8561
8562
8563
8564
8565
8566
8567
8569
8570
8571
8572
8573
8574
8575
8576
8577
8578
8579
8580
8581
8582
8583
8584
8585
8586
8603
8605
8607
8608
8609
8610
8611
8612
8613
8614
8615
8616
8617
8618
8619
8620
8621
8622
8623
8624
8625
8626
8635
8636
8637
8638
8639
8640
8641
8642
8939
8940
8941
8942
8943
8944
8945
8946
8947
8948
8949
8950
8951
8952
8953
8954
9019
9020
9021
9022
9023
9024
9025
9026
9027
9029
9031
9032
9040
9042
9045
9046
9059
9060
9061
9062
9063
9064
9065
9066
9303
9304
9305
9306
9307
9311
9312
9313
9314
9315
9316
9317
9318
9319
9320
9321
9322
9331
9332
9333
9334
9361
9362
9441
9442
9443
9444
9445
9446
9447
9448
9453
9454
9455
9456
9465
9466
9467
9468
9469
9470
9471
9472
9473
9474
9475
9476
9477
9478
9479
9480
9481
9482
9483
9484
9485
9486
9487
9488
9489
9491
9493
9494
9497
9498
9499
9500
9508
9549
9553
9554
9555
9556
9557
9558
9559
9560
9561
9562
9563
9564
9565
9566
9567
9568
9569
9570
9571
9572
9573
9574
9575
9576
9577
9578
9579
9580
9583
9584
9594
9596
10055
10056
10057
10058
10067
10068
10070
10087
10088
10089
10090
10091
10092
10093
10094
10095
10096
10097
10098
10376
10377
10378
10379
10380
10382
10383
10384
10385
10388
10389
10390
10391
10394
10395
10405
10406
10407
10435
10440
10441
10442
10443
10451
10452
10453
10454
10455
10456
10457
10458
10459
10460
10462
10464
10465
10468
10469
10470
10471
10472
10473
10474
10475
10476
10477
10478
10479
10480
10482
10484
10485
10536
10537
10538
10539
10540
10542
10544
10545
10548
10549
10550
10551
10572
10573
10574
10575
10576
10577
10578
10579
10621
10623
10626
10627
10632
10633
10634
10635
10636
10637
10638
10639
10640
10641
10642
10643
10644
10645
10646
10647
10648
10649
10652
10653
10654
10655
10656
10657
10658
10659
10660
10662
10664
10665
10666
10668
10669
10670
10671
10672
10673
10674
10675
10676
10677
10678
10679
10684
10685
10686
10687
10688
10689
10690
10691
10692
10694
10704
10705
10706
10707
10708
10710
10711
10712
10713
10716
10717
10718
10719
10720
10721
10722
10723
10724
10726
10733
10735
10736
10737
10738
10739
10775
10846
10847
11778
11779
11780
11781
11782
11786
11790
11791
11792
11793
11794
11795
11796
11797
11798
11799
11800
11801
11802
11803
11804
11805
11806
11807
11808
11809
11831
11833
11836
11837
11858
11859
11860
11861
11862
11863
11864
11865
11866
11867
11868
11869
11870
11871
11872
11873
11874
11875
11876
11877
11878
11879
11880
11881
11882
11883
11884
11885
11886
11887
11888
11889
11895
11897
11900
11901
11907
11908
11909
11919
11922
11923
11924
11925
11926
11927
11928
11929
11930
11931
11932
11933
11934
11935
11936
11937
11959
11961
11986
11987
11988
11989
11990
11991
11992
11993
11994
11995
11996
11997
11998
11999
12000
12001
12002
12003
12004
12005
12006
12007
12008
12009
12010
12011
12012
12013
12014
12015
12016
12017
12022
12023
12025
12026
12027
12028
12029
12034
12038
12039
12040
12041
12042
12043
12044
12045
12046
12048
12050
12051
12052
12053
12054
12056
12057
12058
12059
12062
12063
12064
12065
12082
12083
12084
12085
12086
12087
12088
12089
12090
12091
12092
12093
12094
12096
12146
12147
12148
12149
12150
12151
12152
12153
12154
12155
12156
12157
12158
12159
12160
12161
12242
12243
12244
12245
12254
12255
12256
12257
12262
12263
12264
12265
12266
12267
12268
12269
12274
12275
12276
12277
12278
12279
12280
12281
12282
12283
12284
12285
12286
12287
12288
12289
12290
12291
12292
12293
12302
12303
12305
12326
12327
12328
12329
12330
12331
12332
12333
12374
12375
12376
12377
12378
12379
12380
12381
12391
12392
12393
12402
12403
12404
12405
12406
12408
12410
12414
12415
12416
12417
12422
12423
12424
12425
12426
12427
12428
12429
12482
12483
12484
12485
12494
12495
12496
12497
12546
12547
12548
12549
12558
12559
12561
12582
12583
12584
12585
12586
12587
12588
12589
12605
12612
12613
12623
12624
12625
12646
12647
12648
12649
12650
12651
12652
12653
12674
12675
12676
12677
12686
12687
12688
12689
12710
12711
12712
12713
12714
12715
12716
12717
12718
12720
12738
12740
12741
12750
12751
12752
12753
12758
12759
12760
12761
12762
12763
12764
12765
12818
12819
12820
12821
12830
12831
12832
12833
12854
12855
12856
12857
12858
12859
12860
12861
12898
12899
12900
12901
12910
12911
12912
12913
13314
13318
13319
13322
13323
13324
13325
13326
13327
13328
13329
13330
13331
13332
13333
13334
13335
13336
13337
13338
13340
13342
13343
13344
13345
13362
13363
13366
13367
13368
13369
13370
13371
13372
13373
13374
13376
13377
13378
13379
13380
13381
13390
13391
13392
13393
13394
13395
13396
13397
13406
13407
13408
13409
13698
13699
13700
13701
13702
13703
13704
13705
13706
13707
13708
13709
13710
13711
13712
13713
13778
13779
13780
13781
13790
13791
13792
13793
13799
13801
13804
13805
13814
13815
13816
13817
13818
13819
13820
13821
13824
13890
13891
13894
13895
13896
13897
13898
13900
13901
13906
13907
13908
13909
13910
13911
13912
13913
13914
13916
13918
13919
13949
14020
14021
14022
14023
14024
14025
14026
14027
14028
14029
14030
14031
14032
14033
14034
14035
14044
14045
14046
14047
14048
14049
14050
14052
14053
14054
14055
14056
14057
14058
14059
14060
14061
14062
14063
14064
14065
14066
14067
14068
14070
14072
14073
14089
14090
14091
14124
14125
14126
14128
14129
14130
14131
14132
14133
14134
14135
14136
14137
14138
14139
14140
14141
14142
14143
14144
14145
14146
14147
14148
14149
14150
14151
14152
14153
14154
14155
14157
14159
14162
14163
14598
14599
14600
14601
14602
14603
14604
14605
14634
14635
14636
14637
14638
14639
14640
14641
14642
14643
14644
14645
14920
14921
14922
14923
14924
14925
14926
14927
14928
14929
14930
14931
14932
14933
14934
14935
14937
14942
14943
14984
14985
14986
14987
14988
14989
14990
14991
14992
14993
14994
14995
14996
14997
15000
15001
15002
15003
15004
15005
15006
15007
15008
15010
15012
15013
15016
15017
15018
15019
15020
15022
15024
15025
15028
15029
15030
15031
15080
15081
15082
15083
15084
15085
15086
15087
15088
15090
15092
15093
15121
15123
15126
15127
15169
15171
15174
15175
15176
15177
15178
15179
15180
15181
15182
15183
15184
15185
15186
15187
15188
15189
15190
15191
15200
15201
15202
15203
15204
15205
15206
15207
15208
15212
15213
15216
15217
15218
15219
15220
15221
15222
15223
15229
15232
15233
15234
15235
15236
15238
15239
15245
15247
15249
15250
15251
15256
15258
15260
15261
15264
15265
15266
15267
15268
15269
15270
15271
15283
15310
15311
15389
15391
15394
15395
16320
16321
16322
16323
16324
16325
16326
16327
16336
16337
16338
16339
16340
16341
16342
16343
16344
16345
16346
16347
16348
16349
16350
16351
16353
16355
16358
16359
16400
16401
16402
16403
16404
16405
16406
16407
16408
16409
16410
16411
16412
16413
16414
16415
16416
16417
16418
16419
16420
16421
16422
16423
16424
16425
16426
16427
16428
16429
16430
16431
16440
16441
16442
16443
16446
16447
16449
16451
16464
16465
16466
16467
16468
16469
16470
16471
16472
16473
16474
16475
16476
16477
16478
16479
16481
16483
16486
16487
16528
16529
16530
16531
16532
16533
16534
16535
16536
16537
16538
16539
16540
16541
16542
16543
16544
16546
16547
16548
16549
16552
16553
16554
16555
16556
16557
16558
16559
16560
16562
16564
16565
16568
16569
16570
16571
16572
16573
16574
16575
16576
16580
16581
16584
16585
16586
16587
16588
16589
16590
16591
16592
16593
16594
16595
16596
16597
16598
16599
16600
16602
16604
16605
16607
16624
16626
16628
16632
16633
16634
16635
16636
16637
16638
16639
16641
16643
16646
16647
16688
16689
16690
16691
16692
16693
16694
16695
16696
16697
16698
16699
16700
16701
16702
16703
16784
16785
16786
16787
16788
16789
16790
16791
16800
16802
16804
16808
16809
16810
16811
16812
16813
16814
16815
16816
16817
16818
16819
16820
16821
16822
16823
16824
16825
16826
16827
16828
16829
16830
16831
16832
16833
16834
16835
16836
16837
16838
16839
16840
16844
16845
16872
16873
16874
16875
16876
16877
16878
16879
16921
16922
16923
16926
16927
16941
16942
16943
16944
16945
16946
16947
16948
16949
16950
16951
16952
16953
16954
16956
16957
16958
16959
16968
16969
16970
16971
16972
16973
16974
16975
17024
17025
17026
17027
17028
17029
17030
17031
17088
17089
17090
17091
17092
17093
17094
17095
17100
17101
17128
17129
17130
17131
17132
17133
17134
17135
17146
17147
17152
17153
17154
17155
17156
17157
17158
17159
17160
17162
17192
17193
17194
17195
17196
17197
17198
17199
17216
17217
17218
17219
17220
17221
17222
17223
17224
17226
17252
17253
17256
17257
17258
17259
17260
17261
17262
17263
17280
17281
17282
17283
17284
17285
17286
17287
17304
17305
17306
17307
17308
17309
17310
17311
17360
17361
17362
17363
17364
17365
17366
17367
17400
17401
17402
17403
17404
17405
17406
17407
17440
17441
17442
17443
17444
17445
17446
17447
17856
17857
17860
17861
17862
17863
17864
17865
17866
17867
17868
17870
17872
17873
17874
17875
17876
17877
17878
17879
17880
17881
17882
17883
17884
17885
17886
17887
17904
17906
17908
17909
17910
17911
17912
17913
17914
17915
17916
17917
17918
17919
17920
17921
17922
17923
17924
17925
17926
17927
17936
17937
17938
17939
17940
17941
17942
17943
18240
18241
18242
18243
18244
18245
18246
18247
18248
18249
18250
18251
18252
18253
18254
18255
18320
18321
18322
18323
18324
18325
18326
18327
18328
18330
18332
18333
18341
18343
18346
18347
18360
18361
18362
18363
18364
18366
18367
5824
15125
15124
5823
15120
5819
15122
5821
18365
10709
1406
16444
16445
7144
5869
15168
5867
15170
15172
5871
15173
5872
18342
9041
9039
18340
18344
9043
9044
18345
4857
14158
4855
14156
4859
14160
4860
14161
290
9595
292
9581
9593
278
279
9582
4497
13800
4495
13798
4499
13802
4500
13803
1319
10622
1317
10620
1321
10624
1322
10625
2591
11894
11896
2593
11898
2595
11899
2596
2721
12024
2497
10449
1145
10448
10444
1141
10446
1143
4483
13787
4484
13786
13782
4479
13784
4481
9328
25
24
9327
9323
20
9325
22
2956
12259
2955
12258
766
10069
7275
16578
7277
15237
5936
5945
15246
5943
5628
3319
12622
12610
3307
12611
3308
3001
12304
16842
7541
17165
7864
17164
7863
3108
12411
2993
12296
2991
12294
2995
12298
2996
12299
3313
12616
3311
12614
12618
3315
12619
3316
12552
3249
3247
3257
12560
12554
12550
