9209
8115
4250
4246
4251
7589
2607
2603
2608
7158
5103
5099
5104
8681
3224
3220
3225
7431
3987
3983
3988
7955
4059
4055
7986
9190
8066
8065
8064
9201
7548
7549
7550
9119
7557
7558
7559
9118
7554
7555
7556
9120
7562
7561
7560
9200
4132
4127
4131
8015
4096
4091
4095
7967
4024
4019
4023
7518
2746
2741
2745
8666
5059
5054
5058
7512
3335
3330
3334
5428
765
760
764
5794
2490
2489
2493
7001
156
155
159
5800
1455
1454
1458
6299
1527
1526
1530
6347
1563
1562
1566
6359
709
708
712
5809
8848
5838
5837
5836
8846
5841
5840
5839
8847
5832
5831
5830
8928
6396
6397
6398
8917
6318
1490
1491
6287
1422
1418
1419
5707
658
654
655
7016
2538
2534
2535
5388
17
13
14
5874
1681
1677
6448
6447
8936
6629
6628
6627
8962
6609
6610
6611
8970
6834
6835
6836
9001
6840
6841
6842
9002
6837
6838
6839
8976
6669
6670
6671
8968
6527
6526
6525
8960
6564
6565
6566
8956
6584
6583
6582
8948
6470
6469
6468
8940
6497
6496
6495
8932
6402
1692
1688
1684
1685
5259
5260
8
5352
5353
144
149
145
5402
5401
103
98
102
5295
8766
5301
449
453
5303
9307
7078
3026
3023
7076
9037
7070
7071
7072
9051
7170
2737
2733
2731
2734
2739
7124
2599
7037
4260
4255
4252
4254
8071
8070
4329
4325
8164
8165
9213
8136
8137
8138
9221
8250
8251
8252
9229
8234
8233
8232
9233
8193
8194
8195
9241
8339
8338
8337
9249
8507
8506
8505
9275
8510
8509
8508
9274
8504
8503
8502
9243
8279
8278
8277
9235
8295
8296
8297
