0
1
2
3
4
5
6
7
8
9
10
11
12
13
14
15
16
17
18
19
20
22
24
25
28
29
30
31
40
41
42
43
44
45
46
47
48
52
53
54
55
56
57
58
59
60
62
63
139
141
144
152
153
163
165
166
167
168
169
170
171
172
173
174
175
176
177
178
179
180
181
182
183
184
185
186
187
188
189
190
191
192
193
194
195
196
197
205
246
250
251
252
253
254
255
256
257
258
259
260
261
262
263
264
265
266
267
268
269
270
271
272
273
274
275
276
277
278
279
280
281
282
284
286
287
290
291
292
293
754
755
765
784
785
786
787
788
789
790
791
792
793
794
795
807
1073
1074
1075
1076
1077
1078
1079
1080
1081
1082
1083
1084
1085
1086
1087
1088
1091
1092
1102
1103
1104
1118
1120
1132
1137
1138
1139
1140
1141
1142
1143
1144
1145
1146
1147
1148
1149
1150
1151
1152
1153
1154
1155
1156
1157
1158
1159
1160
1161
1162
1163
1164
1165
1166
1167
1168
1169
1170
1171
1172
1173
1174
1175
1176
1177
1178
1179
1180
1181
1182
1183
1184
1187
1188
1194
1197
1198
1199
1200
1226
1227
1228
1233
1234
1235
1236
1237
1238
1239
1240
1241
1242
1243
1244
1245
1246
1247
1248
1258
1262
1263
1264
1269
1270
1271
1272
1273
1274
1275
1276
1313
1314
1315
1317
1318
1319
1320
1321
1322
1323
1324
1325
1326
1327
1328
1329
1330
1331
1332
1333
1334
1335
1336
1337
1338
1339
1340
1341
1342
1343
1344
1345
1346
1347
1348
1349
1350
1351
1352
1353
1354
1355
1356
1357
1358
1359
1360
1361
1362
1365
1366
1367
1368
1369
1370
1371
1372
1373
1374
1375
1376
1381
1382
1383
1384
1385
1386
1387
1388
1389
1391
1392
1397
1398
1401
1402
1403
1404
1405
1406
1407
1408
1409
1410
1411
1412
1413
1414
1415
1416
1417
1418
1419
1420
1421
1422
1423
1424
1425
1429
1430
1431
1432
1433
1434
1435
1436
1437
1439
1472
1542
1543
2261
2272
2285
2473
2474
2475
2476
2485
2486
2487
2488
2489
2490
2491
2492
2493
2494
2495
2496
2497
2498
2499
2500
2501
2502
2503
2504
2505
2506
2507
2508
2509
2513
2514
2517
2518
2519
2520
2526
2528
2531
2532
2542
2544
2545
2546
2547
2548
2553
2554
2555
2556
2557
2558
2559
2560
2561
2562
2563
2564
2565
2566
2567
2568
2569
2570
2571
2572
2573
2574
2575
2576
2577
2578
2579
2580
2581
2582
2583
2584
2585
2586
2587
2588
2589
2590
2591
2592
2593
2594
2595
2596
2597
2598
2599
2600
2602
2603
2604
2614
2617
2618
2619
2620
2621
2622
2623
2624
2625
2626
2627
2628
2629
2630
2631
2632
2633
2634
2635
2636
2637
2639
2641
2645
2646
2647
2648
2654
2656
2659
2670
2671
2672
2675
2676
2681
2682
2683
2684
2685
2686
2687
2688
2689
2690
2691
2692
2693
2694
2695
2696
2697
2698
2699
2700
2701
2702
2703
2704
2705
2706
2707
2708
2709
2710
2711
2712
2713
2714
2715
2716
2717
2718
2719
2720
2721
2722
2723
2724
2725
2726
2727
2728
2729
2730
2731
2732
2733
2734
2735
2736
2737
2738
2739
2740
2741
2742
2743
2744
2745
2746
2747
2748
2749
2750
2751
2752
2753
2754
2755
2756
2757
2758
2759
2760
2777
2778
2779
2780
2781
2782
2783
2784
2785
2786
2787
2788
2789
2790
2791
2792
2793
2794
2795
2796
2806
2808
2841
2842
2843
2844
2845
2846
2847
2848
2849
2850
2851
2852
2853
2854
2855
2856
2937
2938
2939
2940
2941
2943
2945
2946
2949
2950
2951
2952
2953
2954
2957
2958
2959
2960
2961
2962
2963
2964
2965
2967
2969
2970
2971
2972
2973
2974
2975
2976
2977
2978
2979
2980
2981
2982
2983
2984
2985
2986
2987
2988
2997
2998
3000
3017
3018
3021
3022
3023
3024
3025
3026
3027
3028
3029
3031
3065
3066
3069
3070
3071
3072
3073
3074
3075
3076
3077
3079
3086
3087
3088
3097
3098
3099
3100
3101
3103
3105
3109
3110
3111
3112
3113
3114
3117
3118
3119
3120
3121
3122
3123
3124
3125
3127
3177
3178
3179
3180
3181
3183
3185
3186
3189
3190
3191
3192
3241
3242
3243
3244
3253
3254
3255
3256
3273
3274
3277
3278
3279
3280
3281
3282
3283
3284
3285
3287
3298
3299
3300
3307
3308
3317
3318
3319
3320
3337
3338
3341
3342
3343
3344
3345
3346
3347
3348
3349
3351
3369
3370
3371
3372
3373
3375
3377
3378
3381
3382
3383
3384
3401
3402
3405
3406
3407
3408
3409
3410
3411
3412
3413
3415
3433
3434
3435
3436
3445
3446
3447
3448
3449
3450
3453
3454
3455
3456
3457
3458
3459
3460
3461
3463
3513
3514
3515
3516
3517
3519
3521
3522
3525
3526
3527
3528
3545
3546
3549
3550
3551
3552
3553
3554
3555
3556
3557
3559
3593
3594
3595
3596
3597
3599
3601
3602
3605
3606
3607
3608
4009
4011
4013
4014
4016
4017
4018
4019
4020
4021
4022
4023
4024
4025
4026
4027
4028
4029
4030
4031
4032
4033
4034
4035
4036
4037
4038
4039
4040
4050
4052
4057
4058
4059
4061
4062
4063
4064
4065
4066
4067
4068
4069
4070
4071
4072
4073
4074
4075
4076
4077
4079
4081
4082
4085
4086
4087
4088
4089
4090
4091
4092
4093
4095
4097
4098
4101
4102
4103
4104
4393
4394
4395
4396
4397
4398
4399
4400
4401
4402
4403
4404
4405
4406
4407
4408
4473
4474
4475
4476
4477
4479
4481
4482
4483
4484
4485
4486
4487
4488
4489
4490
4493
4494
4495
4496
4497
4498
4499
4500
4501
4503
4505
4509
4510
4511
4512
4513
4514
4515
4516
4517
4519
4585
4586
4587
4588
4589
4590
4591
4592
4593
4594
4595
4596
4597
4598
4599
4600
4601
4602
4603
4604
4605
4606
4607
4608
4609
4611
4613
4614
4621
4622
4623
4624
4625
4626
4627
4628
4633
4637
4638
4640
4641
4642
4643
4644
4645
4646
4647
4648
4718
4723
4724
4726
4728
4731
4732
4741
4742
4743
4744
4745
4746
4747
4748
4749
4750
4751
4752
4753
4754
4755
4756
4757
4758
4759
4760
4761
4762
4763
4764
4765
4766
4767
4768
4769
4770
4771
4772
4788
4821
4825
4826
4827
4828
4829
4830
4831
4832
4833
4834
4835
4836
4837
4838
4839
4840
4841
4842
4843
4844
4845
4846
4847
4848
4849
4850
4851
4852
4853
4854
4855
4856
4857
4858
4859
4860
4861
4863
4865
4866
5296
5298
5301
5331
5332
5333
5334
5335
5336
5337
5338
5339
5340
5341
5342
5354
5617
5618
5619
5620
5621
5622
5623
5624
5625
5626
5627
5628
5629
5630
5631
5632
5634
5636
5638
5639
5640
5655
5656
5676
5681
5682
5683
5684
5685
5686
5687
5688
5689
5690
5691
5692
5693
5694
5695
5696
5697
5698
5699
5700
5701
5702
5703
5704
5705
5706
5707
5708
5709
5710
5711
5712
5713
5714
5715
5716
5717
5718
5719
5720
5721
5722
5723
5724
5725
5726
5727
5728
5730
5732
5733
5734
5735
5736
5739
5770
5771
5772
5777
5778
5779
5780
5781
5782
5783
5784
5785
5786
5787
5788
5789
5790
5791
5792
5798
5799
5800
5803
5811
5817
5818
5819
5820
5821
5822
5823
5824
5857
5858
5859
5861
5862
5863
5864
5865
5866
5867
5868
5869
5870
5871
5872
5873
5874
5875
5876
5877
5878
5879
5880
5881
5882
5883
5884
5885
5886
5887
5888
5889
5890
5891
5892
5893
5894
5895
5896
5897
5898
5899
5900
5901
5902
5903
5904
5905
5907
5909
5910
5911
5912
5913
5914
5915
5916
5917
5918
5919
5920
5925
5926
5928
5929
5930
5931
5932
5933
5934
5935
5936
5941
5942
5943
5944
5945
5946
5947
5948
5949
5951
5953
5954
5955
5956
5957
5958
5959
5960
5961
5962
5963
5964
5965
5966
5967
5968
5974
5977
5978
5979
5980
5981
5982
5983
5984
6008
6085
6087
6809
6828
6833
7015
7016
7017
7018
7019
7020
7021
7022
7031
7032
7033
7034
7035
7036
7037
7038
7039
7040
7041
7042
7043
7044
7045
7046
7047
7048
7049
7050
7051
7052
7053
7054
7055
7057
7059
7072
7074
7077
7078
7087
7088
7089
7090
7091
7093
7094
7095
7096
7097
7098
7099
7100
7101
7102
7103
7104
7105
7106
7107
7108
7109
7110
7111
7112
7113
7114
7115
7116
7117
7118
7119
7120
7121
7122
7123
7124
7125
7126
7127
7128
7129
7130
7131
7132
7133
7134
7135
7136
7137
7138
7139
7140
7141
7142
7144
7145
7146
7149
7159
7160
7161
7162
7163
7164
7165
7166
7167
7168
7169
7170
7171
7172
7173
7174
7175
7176
7177
7178
7179
7180
7181
7182
7183
7187
7188
7205
7206
7216
7218
7220
7221
7222
7223
7224
7225
7226
7227
7228
7229
7230
7231
7232
7233
7234
7235
7236
7237
7238
7239
7240
7241
7242
7243
7244
7245
7246
7247
7248
7249
7250
7251
7252
7253
7254
7255
7256
7257
7258
7259
7260
7261
7262
7263
7264
7265
7266
7267
7268
7269
7270
7271
7272
7273
7274
7275
7276
7277
7278
7279
7280
7281
7282
7283
7284
7285
7286
7287
7288
7289
7290
7291
7292
7293
7294
7295
7296
7297
7298
7299
7300
7301
7302
7319
7320
7321
7322
7323
7324
7325
7326
7327
7328
7329
7330
7331
7332
7333
7334
7335
7336
7337
7338
7339
7341
7342
7383
7384
7385
7386
7387
7388
7389
7390
7391
7392
7393
7394
7395
7396
7397
7398
7479
7480
7481
7482
7483
7484
7485
7486
7487
7489
7491
7492
7495
7497
7499
7503
7504
7505
7506
7507
7508
7509
7510
7511
7512
7513
7514
7515
7516
7517
7518
7519
7520
7521
7522
7523
7524
7525
7526
7527
7528
7529
7530
7531
7532
7533
7534
7559
7561
7563
7564
7567
7568
7569
7570
7571
7572
7573
7574
7607
7609
7611
7612
7615
7616
7617
7618
7619
7620
7621
7622
7636
7637
7638
7639
7640
7641
7642
7643
7644
7645
7646
7647
7651
7652
7654
7655
7657
7659
7660
7663
7664
7665
7666
7667
7668
7669
7670
7719
7720
7721
7722
7723
7724
7725
7726
7727
7729
7731
7732
7784
7786
7789
7790
7815
7817
7819
7820
7823
7824
7825
7826
7827
7828
7829
7830
7842
7848
7850
7853
7854
7879
7881
7883
7884
7887
7888
7889
7890
7891
7892
7893
7894
7911
7912
7914
7915
7916
7917
7918
7951
7952
7953
7954
7955
7956
7957
7958
7976
7978
7981
7982
7999
8000
8001
8002
8003
8004
8005
8006
8055
8056
8057
8058
8059
8060
8061
8062
8063
8065
8067
8068
8087
8089
8091
8092
8095
8096
8097
8098
8099
8100
8101
8102
8135
8136
8137
8138
8139
8140
8141
8142
8143
8145
8147
8148
8555
8556
8557
8558
8559
8560
8561
8562
8567
8568
8569
8570
8571
8573
8575
8579
8580
8581
8582
8599
8603
8604
8607
8608
8609
8610
8611
8612
8613
8614
8615
8616
8617
8618
8619
8620
8621
8622
8623
8625
8627
8628
8631
8632
8633
8634
8635
8636
8637
8638
8639
8641
8643
8644
8935
8936
8937
8938
8939
8940
8941
8942
8943
8944
8945
8946
8947
8948
8949
8950
9015
9016
9017
9018
9019
9020
9021
9022
9023
9024
9025
9026
9027
9028
9031
9032
9035
9036
9037
9038
9039
9040
9041
9042
9043
9045
9047
9049
9051
9052
9055
9056
9057
9058
9059
9060
9061
9062
9299
9300
9301
9302
9303
9304
9305
9306
9307
9308
9309
9310
9311
9312
9313
9314
9315
9316
9317
9318
9319
9321
9323
9324
9327
9328
9329
9330
9339
9340
9341
9342
9343
9344
9345
9346
9347
9351
9352
9353
9354
9355
9356
9357
9358
9359
9361
9362
9438
9440
9443
9451
9452
9462
9464
9465
9466
9467
9468
9469
9470
9471
9472
9473
9474
9475
9476
9477
9478
9479
9480
9481
9482
9483
9484
9485
9486
9487
9488
9489
9490
9491
9492
9493
9494
9495
9496
9504
9545
9549
9550
9551
9552
9553
9554
9555
9556
9557
9558
9559
9560
9561
9562
9563
9564
9565
9566
9567
9568
9569
9570
9571
9572
9573
9574
9575
9576
9577
9578
9579
9580
9581
9583
9585
9586
9589
9590
9591
9592
10053
10054
10064
10083
10084
10085
10086
10087
10088
10089
10090
10091
10092
10093
10094
10106
10372
10373
10374
10375
10376
10377
10378
10379
10380
10381
10382
10383
10384
10385
10386
10387
10390
10391
10401
10402
10403
10417
10419
10431
10436
10437
10438
10439
10440
10441
10442
10443
10444
10445
10446
10447
10448
10449
10450
10451
10452
10453
10454
10455
10456
10457
10458
10459
10460
10461
10462
10463
10464
10465
10466
10467
10468
10469
10470
10471
10472
10473
10474
10475
10476
10477
10478
10479
10480
10481
10482
10483
10486
10487
10493
10496
10497
10498
10499
10521
10525
10526
10527
10532
10533
10534
10535
10536
10537
10538
10539
10540
10541
10542
10543
10544
10545
10546
10547
10557
10561
10562
10563
10568
10569
10570
10571
10572
10573
10574
10575
10612
10613
10614
10616
10617
10618
10619
10620
10621
10622
10623
10624
10625
10626
10627
10628
10629
10630
10631
10632
10633
10634
10635
10636
10637
10638
10639
10640
10641
10642
10643
10644
10645
10646
10647
10648
10649
10650
10651
10652
10653
10654
10655
10656
10657
10658
10659
10660
10661
10662
10664
10665
10666
10667
10668
10669
10670
10671
10672
10673
10674
10675
10680
10681
10682
10683
10684
10685
10686
10687
10688
10690
10691
10696
10697
10700
10701
10702
10703
10704
10705
10706
10707
10708
10709
10710
10711
10712
10713
10714
10715
10716
10717
10718
10719
10720
10721
10722
10723
10724
10728
10729
10730
10731
10732
10733
10734
10735
10736
10738
10771
10842
10843
11573
11581
11586
11774
11775
11776
11777
11786
11787
11788
11789
11790
11791
11792
11793
11794
11795
11796
11797
11798
11799
11800
11801
11802
11803
11804
11805
11806
11807
11808
11809
11810
11814
11815
11818
11819
11820
11821
11827
11829
11832
11833
11842
11843
11845
11846
11847
11848
11849
11854
11855
11856
11857
11858
11859
11860
11861
11862
11863
11864
11865
11866
11867
11868
11869
11870
11871
11872
11873
11874
11875
11876
11877
11878
11879
11880
11881
11882
11883
11884
11885
11886
11887
11888
11889
11890
11891
11892
11893
11894
11895
11896
11897
11898
11899
11900
11901
11903
11904
11905
11915
11918
11919
11920
11921
11922
11923
11924
11925
11926
11927
11928
11929
11930
11931
11932
11933
11934
11935
11936
11937
11938
11940
11942
11946
11947
11948
11949
11955
11957
11971
11972
11973
11976
11977
11982
11983
11984
11985
11986
11987
11988
11989
11990
11991
11992
11993
11994
11995
11996
11997
11998
11999
12000
12001
12002
12003
12004
12005
12006
12007
12008
12009
12010
12011
12012
12013
12014
12015
12016
12017
12018
12019
12020
12021
12022
12023
12024
12025
12026
12027
12028
12029
12030
12031
12032
12033
12034
12035
12036
12037
12038
12039
12040
12041
12042
12043
12044
12045
12046
12047
12048
12049
12050
12051
12052
12053
12054
12055
12056
12057
12058
12059
12060
12061
12078
12079
12080
12081
12082
12083
12084
12085
12086
12087
12088
12089
12090
12091
12092
12093
12094
12095
12096
12097
12106
12107
12109
12142
12143
12144
12145
12146
12147
12148
12149
12150
12151
12152
12153
12154
12155
12156
12157
12238
12239
12240
12241
12242
12244
12246
12247
12250
12251
12252
12253
12254
12255
12258
12259
12260
12261
12262
12263
12264
12265
12266
12268
12270
12271
12272
12273
12274
12275
12276
12277
12278
12279
12280
12281
12282
12283
12284
12285
12286
12287
12288
12289
12298
12299
12301
12318
12319
12322
12323
12324
12325
12326
12327
12328
12329
12330
12332
12366
12367
12370
12371
12372
12373
12374
12375
12376
12377
12378
12380
12387
12388
12389
12398
12399
12400
12401
12402
12404
12406
12410
12411
12412
12413
12414
12415
12418
12419
12420
12421
12422
12423
12424
12425
12426
12428
12478
12479
12480
12481
12482
12484
12486
12487
12490
12491
12492
12493
12542
12543
12544
12545
12554
12555
12556
12557
12574
12575
12578
12579
12580
12581
12582
12583
12584
12585
12586
12588
12599
12600
12601
12608
12609
12618
12619
12620
12621
12638
12639
12642
12643
12644
12645
12646
12647
12648
12649
12650
12652
12670
12671
12672
12673
12674
12676
12678
12679
12682
12683
12684
12685
12702
12703
12706
12707
12708
12709
12710
12711
12712
12713
12714
12716
12734
12735
12736
12737
12746
12747
12748
12749
12750
12751
12754
12755
12756
12757
12758
12759
12760
12761
12762
12764
12814
12815
12816
12817
12818
12820
12822
12823
12826
12827
12828
12829
12846
12847
12850
12851
12852
12853
12854
12855
12856
12857
12858
12860
12894
12895
12896
12897
12898
12900
12902
12903
12906
12907
12908
12909
13310
13312
13314
13315
13316
13317
13318
13319
13320
13321
13322
13323
13324
13325
13326
13327
13328
13329
13330
13331
13332
13333
13334
13335
13336
13337
13338
13339
13340
13341
13353
13358
13359
13360
13362
13363
13364
13365
13366
13367
13368
13369
13370
13371
13372
13373
13374
13375
13376
13377
13378
13380
13382
13383
13386
13387
13388
13389
13390
13391
13392
13393
13394
13396
13398
13399
13402
13403
13404
13405
13694
13695
13696
13697
13698
13699
13700
13701
13702
13703
13704
13705
13706
13707
13708
13709
13774
13775
13776
13777
13778
13780
13782
13783
13784
13785
13786
13787
13788
13789
13790
13791
13794
13795
13796
13797
13798
13799
13800
13801
13802
13804
13806
13807
13810
13811
13812
13813
13814
13815
13816
13817
13818
13820
13886
13887
13888
13889
13890
13891
13892
13893
13894
13895
13896
13897
13898
13899
13900
13901
13902
13903
13904
13905
13906
13907
13908
13909
13910
13912
13914
13915
13922
13923
13924
13925
13926
13927
13928
13929
13934
13938
13939
13941
13942
13943
13944
13945
13946
13947
13948
13949
14017
14022
14023
14025
14027
14030
14031
14040
14041
14042
14043
14044
14045
14046
14047
14048
14049
14050
14051
14052
14053
14054
14055
14056
14057
14058
14059
14060
14061
14062
14063
14064
14065
14066
14067
14068
14069
14070
14071
14087
14120
14124
14125
14126
14127
14128
14129
14130
14131
14132
14133
14134
14135
14136
14137
14138
14139
14140
14141
14142
14143
14144
14145
14146
14147
14148
14149
14150
14151
14152
14153
14154
14155
14156
14157
14158
14159
14160
14162
14164
14165
14595
14597
14600
14630
14631
14632
14633
14634
14635
14636
14637
14638
14639
14640
14641
14653
14916
14917
14918
14919
14920
14921
14922
14923
14924
14925
14926
14927
14928
14929
14930
14931
14933
14935
14937
14938
14939
14954
14955
14975
14980
14981
14982
14983
14984
14985
14986
14987
14988
14989
14990
14991
14992
14993
14994
14995
14996
14997
14998
14999
15000
15001
15002
15003
15004
15005
15006
15007
15008
15009
15010
15011
15012
15013
15014
15015
15016
15017
15018
15019
15020
15021
15022
15023
15024
15025
15026
15027
15029
15031
15032
15033
15034
15035
15038
15069
15070
15071
15076
15077
15078
15079
15080
15081
15082
15083
15084
15085
15086
15087
15088
15089
15090
15091
15097
15098
15099
15102
15110
15113
15116
15117
15118
15119
15120
15121
15122
15123
15156
15157
15158
15160
15161
15162
15163
15164
15165
15166
15167
15168
15169
15170
15171
15172
15173
15174
15175
15176
15177
15178
15179
15180
15181
15182
15183
15184
15185
15186
15187
15188
15189
15190
15191
15192
15193
15194
15195
15196
15197
15198
15199
15200
15201
15202
15203
15204
15205
15206
15208
15209
15210
15211
15212
15213
15214
15215
15216
15217
15218
15219
15224
15225
15227
15228
15229
15230
15231
15232
15233
15234
15235
15240
15241
15242
15243
15244
15245
15246
15247
15248
15250
15252
15253
15254
15255
15256
15257
15258
15259
15260
15261
15262
15263
15264
15265
15266
15267
15273
15276
15277
15278
15279
15280
15281
15282
15283
15307
15385
15387
16105
16110
16129
16316
16317
16318
16319
16320
16321
16322
16323
16332
16333
16334
16335
16336
16337
16338
16339
16340
16341
16342
16343
16344
16345
16346
16347
16348
16349
16350
16351
16352
16353
16354
16355
16356
16358
16360
16373
16375
16378
16379
16388
16389
16390
16391
16394
16395
16396
16397
16398
16399
16400
16401
16402
16403
16404
16405
16406
16407
16408
16409
16410
16411
16412
16413
16414
16415
16416
16417
16418
16419
16420
16421
16422
16423
16424
16425
16426
16427
16428
16429
16430
16431
16432
16433
16434
16435
16436
16437
16438
16439
16440
16441
16442
16443
16445
16446
16447
16450
16460
16461
16462
16463
16464
16465
16466
16467
16468
16469
16470
16471
16472
16473
16474
16475
16476
16477
16478
16479
16480
16481
16482
16483
16484
16488
16489
16501
16506
16507
16517
16519
16521
16522
16523
16524
16525
16526
16527
16528
16529
16530
16531
16532
16533
16534
16535
16536
16537
16538
16539
16540
16541
16542
16543
16544
16545
16546
16547
16548
16549
16550
16551
16552
16553
16554
16555
16556
16557
16558
16559
16560
16561
16562
16563
16564
16565
16566
16567
16568
16569
16570
16571
16572
16573
16574
16575
16576
16577
16578
16579
16580
16581
16582
16583
16584
16585
16586
16587
16588
16589
16590
16591
16592
16593
16594
16595
16596
16597
16598
16599
16600
16601
16602
16603
16620
16621
16622
16623
16624
16625
16626
16627
16628
16629
16630
16631
16632
16633
16634
16635
16636
16637
16638
16639
16642
16643
16684
16685
16686
16687
16688
16689
16690
16691
16692
16693
16694
16695
16696
16697
16698
16699
16780
16781
16782
16783
16784
16785
16786
16787
16788
16790
16792
16793
16796
16798
16800
16804
16805
16806
16807
16808
16809
16810
16811
16812
16813
16814
16815
16816
16817
16818
16819
16820
16821
16822
16823
16824
16825
16826
16827
16828
16829
16830
16831
16832
16834
16835
16860
16862
16864
16865
16868
16869
16870
16871
16872
16873
16874
16875
16908
16910
16912
16913
16916
16917
16918
16919
16920
16921
16922
16923
16937
16938
16939
16940
16941
16942
16943
16944
16945
16946
16947
16948
16952
16953
16955
16956
16958
16960
16961
16964
16965
16966
16967
16968
16969
16970
16971
17020
17021
17022
17023
17024
17025
17026
17027
17028
17030
17032
17033
17085
17087
17090
17091
17116
17118
17120
17121
17124
17125
17126
17127
17128
17129
17130
17131
17143
17149
17151
17154
17155
17180
17182
17184
17185
17188
17189
17190
17191
17192
17193
17194
17195
17212
17213
17215
17216
17217
17218
17219
17252
17253
17254
17255
17256
17257
17258
17259
17277
17279
17282
17283
17300
17301
17302
17303
17304
17305
17306
17307
17356
17357
17358
17359
17360
17361
17362
17363
17364
17366
17368
17369
17388
17390
17392
17393
17396
17397
17398
17399
17400
17401
17402
17403
17436
17437
17438
17439
17440
17441
17442
17443
17444
17446
17448
17449
17856
17857
17858
17859
17860
17861
17862
17863
17868
17869
17870
17871
17872
17874
17876
17877
17880
17881
17882
17883
17900
17904
17905
17908
17909
17910
17911
17912
17913
17914
17915
17916
17917
17918
17919
17920
17921
17922
17923
17924
17926
17928
17929
17932
17933
17934
17935
17936
17937
17938
17939
17940
17942
17944
17945
18236
18237
18238
18239
18240
18241
18242
18243
18244
18245
18246
18247
18248
18249
18250
18251
18316
18317
18318
18319
18320
18321
18322
18323
18324
18325
18326
18327
18328
18329
18332
18333
18336
18337
18338
18339
18340
18341
18342
18343
18344
18346
18348
18350
18352
18353
18356
18357
18358
18359
18360
18361
18362
18363
5813
15112
5814
15108
5809
4506
1279
10578
1277
10576
10564
1265
10565
1266
12606
3305
12607
3306
2999
12300
16833
7849
17150
7847
17148
7851
17152
7852
17153
7785
17086
7783
17084
17089
7787
17088
7788
