0
1
4
5
6
7
8
9
10
11
12
13
46
47
48
55
56
70
72
73
74
75
76
77
78
79
80
81
82
83
84
85
86
87
88
101
103
105
106
107
108
110
111
112
113
114
115
116
117
118
119
120
392
393
394
395
396
397
398
399
426
427
428
429
430
431
432
433
434
435
436
437
438
439
440
441
703
704
707
708
709
710
711
712
713
714
715
717
735
736
737
738
739
740
741
742
743
744
745
746
747
748
749
750
767
768
771
772
773
774
775
776
777
778
779
781
783
784
787
788
789
790
791
792
793
794
795
796
797
798
799
801
803
804
807
808
809
810
811
812
813
814
815
816
817
818
819
820
821
822
823
824
825
826
827
828
829
830
847
848
849
850
851
852
853
854
855
856
857
858
859
860
861
862
914
915
916
917
918
919
920
921
922
923
924
925
926
927
928
929
937
941
948
949
1050
1051
1052
1053
1054
1055
1056
1057
1058
1059
1060
1061
1062
1063
1064
1065
1996
1997
2000
2001
2002
2003
2004
2005
2006
2007
2008
2010
2012
2013
2014
2015
2016
2017
2018
2019
2020
2021
2022
2023
2024
2025
2026
2027
2044
2045
2046
2047
2048
2049
2050
2051
2052
2053
2054
2055
2056
2057
2058
2059
2062
2063
2081
2083
2108
2109
2110
2111
2112
2113
2114
2115
2116
2117
2118
2119
2120
2121
2122
2123
2141
2144
2145
2146
2147
2148
2149
2150
2151
2156
2157
2158
2159
2160
2161
2162
2163
2164
2165
2166
2167
2168
2169
2170
2171
2188
2189
2190
2191
2192
2193
2194
2195
2196
2197
2198
2199
2200
2201
2202
2203
2206
2207
2225
2254
2255
2256
2257
2258
2259
2260
2261
2262
2263
2264
2265
2266
2267
2268
2269
2270
2271
2272
2273
2274
2275
2276
2277
2278
2279
2280
2281
2282
2283
2284
2285
2350
2351
2352
2353
2354
2355
2356
2357
2358
2359
2360
2361
2362
2363
2364
2365
2366
2367
2368
2369
2370
2371
2372
2373
2374
2375
2376
2377
2378
2379
2380
2381
2398
2402
2403
2404
2405
2406
2407
2408
2409
2410
2412
3007
3008
3020
3024
3025
3026
3027
3028
3029
3030
3031
3032
3033
3034
3035
3036
3037
3038
3039
3040
3057
3058
3059
3060
3061
3062
3063
3064
3065
3066
3067
3068
3069
3070
3071
3072
3089
3090
3092
3093
3094
3095
3096
3097
3098
3099
3100
3101
3103
3105
3106
3107
3108
3109
3110
3111
3112
3113
3114
3115
3116
3117
3118
3119
3120
3209
3210
3211
3212
3214
3215
3216
3217
3218
3219
3220
3221
3222
3223
3224
3262
3263
3264
3265
3269
3273
3276
3277
3288
3289
3290
3291
3292
3293
3294
3295
3296
3297
3298
3299
3300
3301
3302
3303
3310
3311
3312
3315
3316
3326
3327
3328
3329
3330
3331
3332
3333
3334
3335
3336
3619
3620
3621
3622
3623
3624
3625
3626
3627
3628
3629
3630
3631
3632
3633
3634
3893
3895
3897
3898
3901
3902
3903
3904
3905
3906
3907
3908
3925
3926
3927
3928
3929
3930
3931
3932
3933
3934
3935
3936
3937
3938
3939
3940
3957
3959
3961
3962
3965
3966
3967
3968
3969
3970
3971
3972
3973
3975
3977
3978
3979
3980
3981
3982
3983
3984
3985
3986
3987
3988
3989
3990
3995
3996
3997
3998
3999
4000
4001
4002
4003
4007
4009
4010
4011
4012
4013
4014
4015
4016
4017
4018
4019
4020
4021
4022
4023
4024
4041
4042
4043
4044
4045
4046
4047
4048
4049
4050
4051
4052
4053
4054
4055
4056
4104
4105
4106
4107
4108
4109
4110
4111
4112
4113
4114
4115
4116
4117
4118
4119
4131
4135
4142
4143
4239
4240
4241
4242
4243
4244
4245
4246
4247
4248
4249
4250
4251
4252
4253
4254
5187
5189
5191
5192
5195
5196
5197
5198
5199
5200
5201
5202
5203
5204
5205
5206
5207
5208
5209
5210
5211
5212
5213
5214
5215
5216
5217
5218
5235
5236
5237
5238
5239
5240
5241
5242
5243
5244
5245
5246
5247
5248
5249
5250
5252
5254
5257
5258
5297
5298
5299
5300
5301
5302
5303
5304
5305
5306
5307
5308
5309
5310
5311
5312
5331
5337
5338
5339
5340
5341
5342
5343
5344
5345
5346
5347
5348
5349
5350
5351
5352
5353
5354
5355
5356
5357
5358
5359
5360
5377
5378
5379
5380
5381
5382
5383
5384
5385
5386
5387
5388
5389
5390
5391
5392
5394
5396
5403
5404
5443
5444
5445
5446
5447
5448
5449
5450
5451
5452
5453
5454
5455
5456
5457
5458
5459
5460
5461
5462
5463
5464
5465
5466
5467
5468
5469
5470
5471
5472
5473
5474
5482
5535
5536
5537
5538
5539
5540
5541
5542
5543
5544
5545
5546
5547
5548
5549
5550
5551
5552
5553
5554
5555
5556
5557
5558
5559
5560
5561
5562
5563
5564
5565
5566
5583
5587
5588
5591
5592
5593
5594
5595
5596
5597
5598
6194
6198
6205
6206
6215
6216
6217
6218
6219
6220
6221
6222
6223
6224
6225
6226
6227
6228
6229
6230
6247
6248
6249
6250
6251
6252
6253
6254
6255
6256
6257
6258
6259
6260
6261
6262
6279
6281
6282
6283
6284
6287
6288
6289
6290
6291
6292
6293
6294
6295
6296
6297
6298
6299
6300
6301
6302
6303
6304
6305
6306
6307
6308
6309
6310
6407
6408
6409
6410
6411
6412
6413
6414
6415
6416
6417
6418
6419
6420
6421
6422
6423
6424
6425
6426
6427
6428
6429
6430
6431
6432
6433
6434
6435
6436
6437
6438
6447
6448
6449
6450
6451
6453
6454
6459
6460
6462
6463
6464
6465
6466
6471
6472
6473
6474
6475
6476
6477
6478
6479
6480
6481
6482
6483
6484
6485
6486
6487
6488
6489
6490
6491
6492
6493
6494
6495
6496
6497
6498
6499
6500
6501
6502
6525
6526
6527
6528
6529
6530
6531
6532
6533
6534
6535
6537
6538
6539
6540
6541
6542
6543
6544
6545
6546
6579
6580
6586
6587
6600
6602
6603
6604
6605
6606
6607
6608
6609
6610
6611
6612
6613
6614
6615
6616
6617
6618
6631
6633
6636
6637
6638
6639
6641
6642
6643
6644
6645
6646
6647
6648
6649
6650
6651
6922
6923
6924
6925
6926
6927
6928
6929
6956
6957
6958
6959
6960
6961
6962
6963
6964
6965
6966
6967
6968
6969
6970
6971
7233
7234
7237
7238
7239
7240
7241
7242
7243
7244
7245
7247
7265
7266
7267
7268
7269
7270
7271
7272
7273
7274
7275
7276
7277
7278
7279
7280
7297
7298
7301
7302
7303
7304
7305
7306
7307
7308
7309
7311
7313
7314
7317
7318
7319
7320
7321
7322
7323
7324
7325
7326
7327
7328
7329
7331
7333
7334
7337
7338
7339
7340
7341
7342
7343
7344
7345
7346
7347
7348
7349
7350
7351
7352
7353
7354
7355
7356
7357
7358
7359
7360
7377
7378
7379
7380
7381
7382
7383
7384
7385
7386
7387
7388
7389
7390
7391
7392
7440
7441
7442
7443
7444
7445
7446
7447
7448
7449
7450
7451
7452
7453
7454
7455
7463
7467
7474
7475
7576
7577
7578
7579
7580
7581
7582
7583
7584
7585
7586
7587
7588
7589
7590
7591
8524
8525
8528
8529
8530
8531
8532
8533
8534
8535
8536
8538
8540
8541
8542
8543
8544
8545
8546
8547
8548
8549
8550
8551
8552
8553
8554
8555
8572
8573
8574
8575
8576
8577
8578
8579
8580
8581
8582
8583
8584
8585
8586
8587
8590
8591
8609
8611
8632
8633
8634
8635
8636
8637
8638
8639
8640
8641
8642
8643
8644
8645
8646
8647
8665
8668
8669
8670
8671
8672
8673
8674
8675
8680
8681
8682
8683
8684
8685
8686
8687
8688
8689
8690
8691
8692
8693
8694
8695
8712
8713
8714
8715
8716
8717
8718
8719
8720
8721
8722
8723
8724
8725
8726
8727
8730
8731
8749
8753
8778
8779
8780
8781
8782
8783
8784
8785
8786
8787
8788
8789
8790
8791
8792
8793
8794
8795
8796
8797
8798
8799
8800
8801
8802
8803
8804
8805
8806
8807
8808
8809
8872
8873
8874
8875
8876
8877
8878
8879
8880
8881
8882
8883
8884
8885
8886
8887
8888
8889
8890
8891
8892
8893
8894
8895
8896
8897
8898
8899
8900
8901
8902
8903
8920
8924
8925
8926
8927
8928
8929
8930
8931
8932
8934
9524
9525
9537
9541
9542
9543
9544
9545
9546
9547
9548
9549
9550
9551
9552
9553
9554
9555
9556
9557
9574
9575
9576
9577
9578
9579
9580
9581
9582
9583
9584
9585
9586
9587
9588
9589
9606
9607
9609
9610
9611
9612
9613
9614
9615
9616
9617
9618
9620
9622
9623
9624
9625
9626
9627
9628
9629
9630
9631
9632
9633
9634
9635
9636
9637
9726
9727
9728
9729
9730
9731
9732
9733
9734
9735
9736
9737
9738
9739
9740
9741
9780
9781
9782
9783
9787
9791
9796
9797
9810
9811
9812
9813
9814
9815
9816
9817
9818
9819
9820
9821
9822
9823
9824
9825
9834
9836
9839
9840
9846
9847
9851
9852
9853
9854
9855
9856
9857
9858
9859
9860
9861
9862
10145
10146
10147
10148
10149
10150
10151
10152
10153
10154
10155
10156
10157
10158
10159
10160
10419
10421
10423
10424
10427
10428
10429
10430
10431
10432
10433
10434
10451
10452
10453
10454
10455
10456
10457
10458
10459
10460
10461
10462
10463
10464
10465
10466
10483
10485
10487
10488
10491
10492
10493
10494
10495
10496
10497
10498
10499
10501
10503
10504
10505
10506
10507
10508
10509
10510
10511
10512
10513
10514
10515
10516
10520
10521
10522
10523
10524
10525
10526
10527
10528
10532
10534
10535
10536
10537
10538
10539
10540
10541
10542
10543
10544
10545
10546
10547
10548
10549
10566
10567
10568
10569
10570
10571
10572
10573
10574
10575
10576
10577
10578
10579
10580
10581
10633
10634
10635
10636
10637
10638
10639
10640
10641
10642
10643
10644
10645
10646
10647
10648
10660
10664
10671
10672
10763
10764
10765
10766
10767
10768
10769
10770
10771
10772
10773
10774
10775
10776
10777
10778
11713
11715
11717
11718
11721
11722
11723
11724
11725
11726
11727
11728
11729
11730
11731
11732
11733
11734
11735
11736
11737
11738
11739
11740
11741
11742
11743
11744
11761
11762
11763
11764
11765
11766
11767
11768
11769
11770
11771
11772
11773
11774
11775
11776
11778
11780
11783
11784
11821
11822
11823
11824
11825
11826
11827
11828
11829
11830
11831
11832
11833
11834
11835
11836
11855
11861
11862
11863
11864
11865
11866
11867
11868
11869
11870
11871
11872
11873
11874
11875
11876
11877
11878
11879
11880
11881
11882
11883
11884
11901
11902
11903
11904
11905
11906
11907
11908
11909
11910
11911
11912
11913
11914
11915
11916
11918
11920
11927
11928
11967
11968
11969
11970
11971
11972
11973
11974
11975
11976
11977
11978
11979
11980
11981
11982
11983
11984
11985
11986
11987
11988
11989
11990
11991
11992
11993
11994
11995
11996
11997
11998
12063
12064
12065
12066
12067
12068
12069
12070
12071
12072
12073
12074
12075
12076
12077
12078
12079
12080
12081
12082
12083
12084
12085
12086
12087
12088
12089
12090
12091
12092
12093
12094
12111
12115
12116
12119
12120
12121
12122
12123
12124
12125
12126
12722
12726
12733
12734
12743
12744
12745
12746
12747
12748
12749
12750
12751
12752
12753
12754
12755
12756
12757
12758
12775
12776
12777
12778
12779
12780
12781
12782
12783
12784
12785
12786
12787
12788
12789
12790
12807
12809
12810
12811
12812
12815
12816
12817
12818
12819
12820
12821
12822
12823
12824
12825
12826
12827
12828
12829
12830
12831
12832
12833
12834
12835
12836
12837
12838
12931
12932
12933
12934
12935
12936
12937
12938
12939
12940
12941
12942
12943
12944
12945
12946
12947
12948
12949
12950
12951
12952
12953
12954
12955
12956
12957
12958
12959
12960
12961
12962
12971
12972
12973
12974
12975
12977
12978
12983
12984
12986
12987
12988
12989
12990
12995
12996
12997
12998
12999
13000
13001
13002
13003
13004
13005
13006
13007
13008
13009
13010
13011
13012
13013
13014
13015
13016
13017
13018
13019
13020
13021
13022
13023
13024
13025
13026
13045
13046
13047
13048
13049
13050
13051
13052
12139
10630
4103
4100
5615
5616
3213
10629
10628
4099
4102
10624
4097
10615
4096
4088
4087
10619
4092
4091
6333
6334
12860
12857
6331
6280
12808
12813
6285
6322
12848
6330
12852
6321
6326
12814
6286
3960
10486
4191
10714
6325
3213
3957
3958
3961
3962
3963
3964
4099
4100
4103
5187
5188
5189
5190
5583
5584
5586
5587
5615
5616
10483
10484
10487
10488
10489
10490
10628
10629
10630
11714
11715
11716
12111
12112
12113
12114
12115
12117
3216
3217
3960
4087
4088
4091
4092
4191
5616
6280
6282
6285
6286
6321
6322
6325
6326
6330
6331
6333
6334
9734
9735
10486
10619
10714
12139
12808
12810
12813
12814
12848
12852
12857
12860
3958
3960
3963
3964
4181
4185
4189
4190
4191
5188
5190
5193
5194
5285
5289
5295
5296
5615
5616
6280
6285
6286
6321
6322
6325
6326
6330
6331
10484
10486
10489
10490
10627
10628
10629
10630
10706
10708
10711
10714
11714
11716
11719
11811
11812
11814
11819
11820
12139
12808
12813
12814
12848
12852
5191
5192
5194
5329
5330
5331
5332
5333
5334
5335
5336
5583
5584
5585
5586
11717
11718
11719
11720
11853
11854
11855
11856
11857
11858
11859
11860
12111
12113
12114
5288
11964
5442
5441
11961
11952
5430
5438
5439
5429
11956
5434
5433
5534
5533
5531
12060
5530
12057
12050
5589
12118
5590
12049
5520
12054
12053
5524
10422
3896
3894
3899
10425
10420
10426
3900
10694
4167
4166
4163
4164
4155
4154
4159
10686
4158
10756
4234
4008
10533
4006
4005
10531
4233
10753
4229
4004
10529
3992
3991
10530
10518
10519
3994
3976
10517
10502
3974
10500
3979
3980
4057
4058
4059
4060
4062
4063
4065
4066
4067
4068
4205
4206
4209
4248
4250
4253
4254
5468
5470
5483
5484
5485
5486
10506
10582
10585
10589
10590
10593
10596
10597
10729
10730
10732
10733
10734
10772
10774
10777
10778
11994
12007
12010
12013
12014
10737
4214
10740
4213
4204
10725
4200
11999
5477
12002
5478
12006
5479
5476
12004
12005
5402
5401
11924
5398
5399
4216
4217
4225
50
51
53
54
55
56
69
70
71
72
863
864
865
866
935
936
937
939
940
941
943
944
946
947
948
949
2060
2061
2062
2063
2080
2081
2082
2083
2204
2205
2206
2207
2223
2224
2225
2227
2228
2229
2287
2288
2290
2291
2292
2293
2303
2304
2305
2308
2309
3002
3003
3005
3006
3007
3008
3017
3020
3021
3024
3267
3268
3269
3271
3272
3273
3274
3275
3276
3277
4057
4058
4059
4060
4062
4063
4065
4066
4067
4068
4128
4131
4132
4135
4137
4138
4140
4141
4142
4143
4206
4209
5251
5252
5253
5254
5255
5256
5257
5258
5393
5394
5395
5396
5398
5399
5401
5402
5403
5404
5476
5477
5478
5479
5482
5483
5484
5485
5486
6192
6193
6194
6195
6198
6200
6201
6203
6204
6205
6206
6581
6583
6586
6587
6599
6600
6601
6602
7396
7397
7398
7460
7463
7464
7467
7468
7471
7474
7475
8588
8589
8590
8591
8608
8609
8610
8611
8728
8729
8730
8731
8747
8748
8749
8750
8753
8811
8812
8815
8816
8828
8829
8830
8831
9518
9521
9524
9525
9535
9536
9537
9539
9540
9541
9784
9787
9788
9791
9793
9794
9795
9796
9797
10582
10585
10589
10590
10593
10596
10597
10658
10659
10660
10662
10663
10664
10665
10668
10671
10672
10732
10733
11777
11778
11779
11780
11781
11782
11783
11784
11917
11918
11919
11920
11924
11927
11928
11999
12002
12004
12005
12006
12007
12010
12013
12014
12719
12722
12724
12725
12726
12727
12730
12733
12734
10586
785
796
798
865
882
886
1007
1019
1020
1021
1060
1061
7326
7328
7397
7410
7414
7533
7547
7548
7549
7581
7586
7587
7395
7394
7407
881
880
7411
885
7543
1017
1016
884
1012
7540
783
784
786
799
800
801
802
803
7313
7314
7315
7316
7329
7330
7331
7332
7333
7335
1011
7537
1006
1010
1049
1048
1046
7573
806
7336
718
7248
1
2
3
11
13
703
704
705
706
715
716
717
718
779
780
781
782
804
806
892
897
898
899
905
906
908
909
959
964
965
969
970
1996
1997
1998
1999
2000
2004
2005
2008
2009
2010
2011
2140
2141
2142
2143
2144
2146
2148
2149
2152
2153
2154
2155
2342
2344
2345
2398
2399
2401
2404
2410
2411
2412
2413
2425
3092
3101
3102
3130
6535
6536
6544
6546
7233
7234
7235
7236
7245
7246
7247
7248
7309
7310
7311
7312
7336
7421
7422
7424
7426
7427
7430
7433
7486
7487
7489
7494
7497
8524
8525
8526
8527
8528
8532
8533
8536
8537
8538
8539
8664
8665
8666
8667
8668
8670
8672
8673
8676
8677
8678
8679
8862
8865
8920
8921
8922
8923
8926
8932
8933
8934
8935
9618
9619
9620
9621
9649
8853
2400
2341
2333
7565
1045
805
2337
8857
2332
13
705
706
716
718
769
770
780
805
806
909
958
959
960
961
963
964
965
966
967
968
969
970
984
985
987
993
994
2331
2332
2333
2340
2341
2342
2343
2344
2345
2398
2399
2400
2401
2411
2413
3091
3092
3102
3104
3130
3136
3137
3139
3140
6546
7235
7236
7246
7248
7299
7300
7310
7336
7484
7485
7486
7487
7488
7489
7490
7491
7492
7493
7494
7495
7496
7497
7498
7509
7514
7515
7565
8853
8854
8855
8862
8863
8864
8865
8866
8867
8920
8922
8923
8933
8935
9608
9609
9619
9621
9644
9645
9649
9652
9655
3126
9648
1998
1999
2009
2011
2099
2100
2102
2103
2142
2143
2153
2155
2235
2239
2244
2245
2246
2247
2248
2249
2331
2332
2333
2335
2336
2337
2400
2401
8526
8527
8537
8539
8617
8619
8622
8625
8666
8667
8677
8679
8760
8761
8764
8765
8768
8771
8772
8773
8853
8854
8855
8857
8858
8859
8922
8923
8769
8770
8759
2236
2237
8763
2240
2241
8626
2101
8627
2098
8624
8623
2090
2089
2093
7521
995
7518
972
973
7568
7569
1039
7564
1035
89
90
91
92
93
94
95
96
97
98
99
100
101
102
103
104
105
106
107
108
109
110
111
112
113
120
388
389
390
391
392
393
394
395
396
397
398
399
400
401
402
403
420
421
422
423
424
425
3026
3028
3031
3032
3064
3304
3305
3306
3307
3308
3309
3310
3311
3313
3314
3315
3316
3317
3318
3319
3320
3321
3322
3323
3324
3325
3334
6399
6400
6401
6402
6403
6404
6405
6406
6439
6440
6441
6442
6443
6444
6445
6446
6447
6448
6449
6450
6451
6452
6453
6454
6455
6456
6457
6458
6459
6460
6461
6462
6463
6464
6465
6466
6467
6468
6469
6470
6503
6504
6505
6506
6507
6508
6509
6510
6511
6512
6513
6514
6515
6516
6517
6518
6519
6520
6521
6522
6523
6524
6525
6526
6527
6528
6529
6530
6531
6532
6619
6620
6621
6622
6623
6624
6625
6626
6627
6628
6629
6630
6631
6632
6633
6634
6635
6636
6637
6638
6639
6640
6641
6642
6644
6645
6646
6647
6651
6918
6919
6920
6921
6922
6923
6924
6925
6926
6927
6928
6929
6930
6931
6932
6933
6950
6951
6952
6953
6954
6955
9543
9545
9548
9549
9826
9827
9828
9829
9830
9831
9832
9833
9834
9835
9836
9837
9838
9839
9840
9841
9842
9843
9844
9845
9846
9847
9848
9849
9850
9859
9860
12927
12928
12929
12930
12963
12964
12965
12966
12967
12968
12969
12970
12971
12972
12973
12974
12975
12976
12977
12978
12979
12980
12981
12982
12983
12984
12985
12986
12987
12988
12989
12990
12991
12992
12993
12994
13027
13028
13029
13030
13031
13032
13033
13034
13035
13036
13037
13038
13039
13040
13041
13042
13043
13044
13045
13046
13047
13048
13049
13050
13051
13052
9803
9804
3280
11797
11798
11794
5270
11795
5267
11786
11787
5259
11789
5264
11939
5265
5414
11940
5411
11936
11937
5405
11929
11922
11923
9798
