226
229
247
261
283
311
327
343
362
381
403
418
441
463
491
526
562
600
634
658
665
649
623
598
578
579
605
662
737
911
1100
1275
1449
1611
1773
1943
2147
2326
2482
2565
2614
2629
2643
2599
2555
2507
2470
2441
2417
2420
2445
2471
2505
2552
2607
2665
2714
2755
2792
2837
2887
2959
3035
3113
3165
3280
3349
3419
3502
3559
3606
3639
3684
3723
3780
3844
3891
3932
3958
3977
3979
3962
3931
3886
3821
3764
3731
3716
3730
3779
3910
4070
4252
4458
4627
4798
4963
5136
5305
5487
5668
5746
5802
5827
5829
5810
5784
5762
5774
5755
5749
5764
5789
5821
5854
5876
5905
5928
5948
5964
5982
6005
6026
6071
6088
6106
6135
6154
6167
6187
