8039
3188
3184
3189
7467
3245
3241
3242
7464
3233
3229
3234
7479
9120
7562
7561
7560
9200
8061
8062
8063
9191
7989
7990
7991
9185
7947
7948
7949
9117
7544
7543
7542
9302
8658
8659
8660
9115
7545
7546
7547
9319
5829
5828
5827
8843
6995
6994
6993
9029
5824
5825
5826
8845
6281
6280
6279
8912
6323
6322
6321
8918
6395
6394
6393
8927
5842
5843
5844
8848
5838
667
663
664
5740
673
669
674
5743
622
618
619
6371
1620
1616
1617
6335
1494
1490
1491
6287
1422
1418
1419
5707
658
654
655
7016
2538
2534
2535
5388
17
13
14
5874
1681
1677
6448
6447
8936
6629
6628
6627
8962
6609
6610
6611
8970
6834
6835
6836
9001
6840
6841
6842
9002
6837
6838
6839
8976
6669
6670
6671
8968
6527
6526
6525
8960
6564
6565
6566
8956
6584
6583
6582
8948
6470
6469
6468
8940
6497
6496
6495
8932
6440
6439
6438
8839
5258
5
4
0
3
7
5354
8789
5403
104
99
97
98
102
5298
111
110
114
5449
2701
2696
2700
7073
2691
2690
2686
2689
7171
7172
2738
7126
2600
2595
2593
2594
2598
7035
4257
8106
8107
8108
9205
8163
8164
8165
9213
8136
8137
8138
9221
8250
8251
8252
9229
8234
8233
8232
9233
8193
8194
8195
9241
8339
8338
8337
9249
8507
8506
8505
9275
8510
8509
8508
9274
8504
8503
8502
9243
8279
8278
8277
9235
8295
8296
8297
9209
8115
8116
4246
4251
7589
2607
2603
2608
7158
5103
5099
5104
8681
3224
3220
3225
7431
3987
3983
3988
7955
4059
4055
4060
8003
4185
4181
4186
