154
158
160
164
165
176
177
184
196
200
217
225
247
249
268
273
296
298
325
327
348
350
368
371
385
409
432
452
479
482
510
552
561
604
617
648
660
661
673
695
705
706
708
709
710
713
714
715
719
720
721
722
726
728
730
732
742
748
795
810
919
923
1036
1120
1300
1302
1473
1615
1642
1746
1815
1856
1959
1978
1983
2101
2173
2230
2329
2330
2333
2340
2347
2352
2355
2363
2365
2368
2373
2393
2411
2424
2427
2459
2460
2471
2484
2487
2510
2542
2544
2552
2568
2585
2586
2587
2591
2598
2626
2635
2643
2649
2658
2712
2723
2756
2762
2791
2798
2834
2845
2853
2906
2924
2993
3007
3105
3113
3193
3196
3281
3386
3391
3479
3491
3584
3597
3671
3676
3727
3735
3742
3793
3801
3831
3837
3868
3874
3918
3919
3927
3928
3945
3950
3976
3984
3986
3987
3989
4023
4036
4039
4041
4070
4086
4090
4091
4112
4137
4142
4172
4176
4196
4199
4215
4230
4371
4414
4500
4612
4647
4719
4770
4789
4894
4961
5010
5129
5289
5298
5458
5535
5556
5582
5589
5591
5602
5609
5678
5690
5698
5703
5719
5726
5731
5743
5751
5757
5803
5821
5835
5885
5951
6018
6071
6114
6151
6178
6202
6226
6229
6248
6252
6255
6282
6286
6305
6306
6329
6332
6357
6359
6387
6390
6408
6412
6433
6435
6457
6462
6468
6475
6478
152
163
145
166
175
178
182
185
192
198
211
222
238
248
255
270
275
297
302
323
328
341
351
357
370
376
384
394
400
411
417
435
444
453
473
514
548
515
501
542
566
598
626
571
657
643
694
597
704
686
760
781
788
820
671
826
809
692
823
794
712
806
711
784
842
916
971
1144
888
1113
1118
1304
1108
1298
1470
1475
1479
1644
1635
1822
1811
1993
1985
1789
1954
2188
2152
2392
2241
2246
2385
2257
2383
2264
2405
2350
2566
2297
2442
2283
2399
2336
2488
2321
2434
2480
2369
2548
2527
2539
2569
2502
2423
2580
2618
2595
2624
2668
2623
2713
2593
2663
2679
2642
2733
2634
2720
2647
2749
2703
2792
2748
2828
2779
2873
2819
2922
2979
2888
3059
2981
3126
3097
3203
3192
3278
3284
3374
3394
3444
3497
3532
3610
3608
3695
3655
3754
3708
3741
3811
3794
3847
3842
3882
3850
3855
3917
3926
3900
3929
3905
3932
4123
3861
3990
3978
4010
3958
4051
4111
4155
3904
3955
4044
4071
4131
4005
4096
4007
4055
4057
4056
4114
4128
4148
4266
4082
4175
4198
4088
4152
4209
4110
4228
4240
4113
4221
4243
4251
4258
4265
4256
4183
4233
4399
4427
4605
4628
4800
4598
4790
4783
4954
4964
5126
5134
5299
5291
5459
5438
5605
5360
5367
5523
5404
5465
5510
5522
5468
5503
5772
5560
5768
5529
5549
5864
5865
5875
5587
5857
5858
5872
5873
5866
5871
5852
5859
5869
5881
5860
5861
5867
5669
5889
5909
5924
5778
5926
5964
5898
5977
6022
5970
6029
6073
6028
6077
6116
6070
6150
6160
6191
6177
6203
6218
6227
6243
6250
6268
6289
6281
6308
6304
6331
6328
6351
6356
6385
6389
6402
6410
6424
6434
6445
6458
6466
6472
6482
6480
0
1
2
5
6
7
13
17
24
25
31
32
37
38
51
48
53
45
49
47
52
43
44
34
16
15
6593
6591
6601
6598
6606
6605
6608
6610
6612
6615
6620
6621
6631
6632
6633
6638
6641
6645
6648
6644
6640
6636
6629
6614
6609
6597
6586
6583
6582
6566
6562
6551
6542
6533
6527
6519
6506
6504
6501
6493
6486
6459
6439
6422
6419
6414
6393
6367
6365
6363
6322
6297
6275
6206
6186
6103
5994
5980
5971
5777
5644
5567
5480
5421
5401
5288
5215
5151
5061
5031
4985
4941
4930
4862
4818
4773
4715
4695
4574
4572
4573
4419
4390
4225
4146
3980
3885
3758
3688
3628
3565
3515
3455
3418
3378
3352
3298
3260
3219
3174
3133
3089
3040
2966
2901
2817
2727
2600
2452
2358
2219
2154
2048
2024
1892
1886
1820
1782
1726
1678
1628
1558
1521
1454
1417
1405
1271
1202
1121
935
911
874
757
672
608
539
496
455
430
413
367
335
321
294
279
267
252
228
226
218
201
147
138
132
127
121
110
105
93
80
71
60
42
33
20
14
12
4
