4377
4485
227
221
325
4891
741
743
739
4911
5049
753
4889
225
4477
4475
327
4893
4483
335
4439
289
4481
331
4479
333
4379
4375
353
4903
4899
355
4503
393
4543
229
4381
329
323
4471
321
4441
291
2617
2615
287
8211
4063
4061
8213
5145
4437
995
6765
6767
2601
2599
6751
4433
4445
295
4493
343
4491
4473
4373
231
391
4541
389
4505
4507
4535
385
4539
387
4537
4517
367
4523
373
223
347
341
4497
345
337
4487
339
4489
4443
293
283
281
4431
815
4965
817
4947
4945
795
4977
827
4973
823
805
4955
801
4951
369
4495
371
4521
4519
365
4515
4513
363
4959
809
807
4949
799
4953
803
825
4975
829
4979
797
195
319
4469
317
4467
4359
205
209
4355
213
4957
839
4991
4565
415
841
419
4569
4559
409
4533
383
381
4531
349
4499
351
4501
377
4527
376
4526
4500
350
4498
348
4530
380
4528
4524
374
4525
375
4529
4555
401
4551
379
405
4561
411
4557
407
4567
417
397
4547
403
4553
399
4549
4550
400
4548
398
4544
4545
395
359
4511
361
4563
413
845
4995
837
4987
833
832
4983
358
4508
4509
394
4546
402
4552
404
4554
378
410
4560
396
836
4982
4986
360
4510
4566
416
4556
406
4558
408
4532
382
384
4506
4534
356
750
4898
354
748
4504
4538
4536
388
386
4516
366
4514
4568
418
4564
414
412
4562
4902
752
898
4900
746
4894
744
4897
745
4895
751
4901
357
749
747
4896
4910
4888
738
4892
742
4890
740
326
224
4374
352
4502
4542
392
4540
372
390
4522
4372
222
4380
230
4378
228
332
4476
4482
4484
334
4474
324
220
4370
4376
226
288
4438
4480
330
4478
328
322
4470
320
290
4440
342
294
4492
4472
4496
340
4490
346
4520
370
364
362
4512
4518
368
344
4494
338
4486
336
4488
4442
830
129
128
4278
558
4708
158
4308
564
560
4710
4310
4714
160
200
4350
834
4984
842
4992
844
4994
840
4990
4958
808
4956
4988
838
4570
420
4364
214
4330
4734
180
4732
584
4730
178
210
4328
4360
212
4362
806
4948
800
4950
4954
804
4952
802
798
4354
204
4352
202
4356
208
4358
316
4974
4972
822
824
4976
826
318
828
4978
4468
314
4464
4450
4462
302
4452
312
4466
206
4314
162
4312
164
4722
576
4726
580
4728
578
172
4322
4724
574
154
4344
196
4946
194
796
4944
794
292
4444
4432
282
4430
280
814
4964
816
4966
4400
250
4404
4346
4290
300
4746
596
4744
598
4748
600
4750
572
4720
570
156
4306
4304
562
4712
134
4284
132
4282
136
4286
174
4320
170
582
166
4316
168
4348
198
4980
4985
831
4981
835
4993
843
4989
421
4363
4571
215
4361
211
4353
203
207
4357
165
4313
163
4329
2616
6766
6762
2612
6760
2610
6764
6748
2614
6750
2600
2598
186
4436
286
4434
284
4812
662
4810
660
3980
8130
8110
2626
3960
6776
2630
6780
2632
6782
666
4816
670
4818
668
4814
664
6778
2628
3964
8114
3966
8116
8030
3880
8024
4
4154
428
2618
6768
2576
8022
8028
8112
3962
3878
3872
3874
6726
4186
8020
3870
3876
8026
3956
8106
3958
8108
3984
8134
4820
736
4886
4906
756
4904
754
454
4604
4602
452
766
768
4918
758
4916
4709
561
4711
4309
159
4349
4351
199
201
4365
181
4331
179
4731
585
4733
4735
4311
161
4715
565
563
4713
559
4279
127
126
4276
131
4277
135
4283
4285
583
4321
171
4317
4323
579
4729
581
4727
577
4725
575
4305
4723
4315
303
313
4463
4465
315
301
4453
573
4721
571
4749
599
8132
3982
8128
3978
8120
3970
3900
8050
2574
6724
8034
3884
8036
3886
6770
8088
3938
8084
3934
8082
8086
3936
8048
3898
3968
8118
8126
3976
5148
5152
1002
5150
1000
5146
996
8216
8222
4072
4076
8226
8220
998
964
8152
4002
4070
8218
8150
4000
5142
994
5144
4336
188
2602
6752
2604
4428
6754
278
4426
276
818
4968
820
4970
4398
248
4402
254
4388
140
4718
568
4742
238
4386
236
252
4368
4366
216
4962
812
4960
272
810
4422
274
4424
6758
2608
6756
182
2606
4338
990
8208
992
5140
8204
4054
8202
8206
4058
4668
4670
4056
4052
518
4618
468
520
4616
466
4614
522
4672
4060
8210
4062
8212
4066
8214
4064
4674
4074
8224
4078
8228
4612
464
524
676
4068
4676
4826
526
4610
678
4828
674
4824
460
4822
672
462
4107
458
4106
4090
4089
4088
456
4606
4608
492
4642
494
4644
496
490
4640
488
4646
498
4638
8154
4004
4006
5114
966
8156
5116
968
8160
4010
4012
8158
4008
4648
4091
4092
4093
4094
4095
4096
4097
4108
4109
4098
4099
4100
4102
4101
4103
4104
4105
4636
486
500
4650
502
484
4634
4016
8162
4014
8164
970
5118
5120
972
4018
8168
8166
8170
4022
4020
8172
4652
4654
4024
4026
8174
8176
976
5126
974
5124
8042
8044
5122
3894
3932
3896
8046
2570
6720
6774
2624
2620
6772
2622
2572
6722
2
3988
8138
3990
8140
3888
8038
8136
3986
2613
6763
2611
6761
285
4435
997
5147
4067
8217
8215
4065
4075
4073
8223
5151
1001
4813
6781
2633
667
4371
671
4821
4817
6783
2627
663
2631
661
4811
1003
5153
4077
8227
4079
8229
4825
679
4829
675
4611
8225
4827
677
4823
673
463
4613
525
4675
523
4615
465
467
4673
4057
8207
4059
8209
4671
4617
521
469
4619
519
4669
8203
4053
4055
8205
5141
991
5143
993
4337
187
189
4339
6749
2603
6753
6755
2605
4429
279
4427
277
819
4969
4319
167
169
173
4301
155
4307
4457
4751
601
4747
4451
141
4347
4345
251
4401
255
4405
239
4389
4967
821
4971
249
4399
253
4403
237
4387
4739
589
549
4699
4231
81
1401
4217
219
4367
4369
217
4963
813
811
4961
4423
273
4425
275
2607
6757
5139
4047
5135
4205
55
4667
4621
471
517
8199
4049
8201
4051
989
4333
183
6759
2609
2595
6745
185
4335
987
5137
8197
4045
8195
515
4665
473
4623
475
4117
4118
4119
4625
5589
1439
1441
1437
5587
4130
4121
4131
4120
4122
4123
4124
4125
4126
4127
4110
4111
4112
4128
4129
4113
4114
4116
4115
8193
4043
985
4041
8191
513
4663
5593
1443
5591
4661
509
511
4627
477
479
4629
481
4631
483
485
4633
4635
487
4637
489
4639
491
8235
4087
8237
4037
8233
4083
8231
4085
1463
5613
1461
4081
4039
5133
983
5611
5513
1361
5511
2635
1363
2639
6785
6789
4159
9
2587
449
4599
451
5131
4601
981
4035
8189
8187
4033
4659
4657
505
507
8183
4029
4031
8185
8181
8179
4743
4291
569
4719
197
595
597
4745
305
4455
307
145
309
143
4717
567
4741
593
591
4393
243
4293
4737
587
4697
547
5595
1449
1445
5597
1451
5599
5601
539
4691
541
1447
5577
107
4257
4259
109
5573
1427
5575
1425
121
241
4391
4271
4269
119
1421
5571
1423
1397
5547
1399
5549
4223
73
245
4395
247
4397
4295
139
4385
235
4383
233
53
4203
551
4701
555
4705
557
4689
77
1403
5553
5551
5537
1387
67
1385
5535
31
4181
4227
4247
125
97
4275
4707
2591
6741
2593
6743
6747
2597
4421
271
4417
267
2637
6787
5583
1433
5579
1429
265
4415
4419
793
4943
269
4941
791
4343
193
4341
191
65
4215
4265
4255
105
111
4207
57
787
4937
789
4939
5531
1381
5533
1383
4183
93
4243
91
4249
99
4251
101
33
1415
1419
5569
5565
1417
5563
1413
4267
115
117
5567
5545
71
4221
4253
103
51
4201
4171
4263
4261
1407
5517
1367
1453
5603
1457
5607
5581
1431
5609
1459
5605
1455
1365
5515
1405
5557
5555
4239
4169
19
783
4933
785
4935
4409
259
2641
6791
5585
1435
257
4407
6739
2589
6737
2583
6733
4151
1
445
4595
447
4597
443
979
5129
977
8143
3993
4593
441
4591
8145
3995
3997
8147
3949
8099
4887
737
757
4907
755
4905
4605
455
3817
7967
7951
3801
8091
669
4819
665
4815
6779
6777
2629
8115
3965
8117
3967
8031
3881
3875
8025
4155
2577
6727
2575
6725
3885
3873
8023
3879
8029
3963
8113
3961
8111
8131
3981
3983
8133
3887
3977
8129
3979
8037
8121
8035
3971
8119
965
4641
4645
4607
457
4643
459
4609
8219
527
461
4677
4069
4071
8221
999
5149
8127
5115
3969
4003
8153
4001
493
8151
8155
495
8157
4007
5117
967
8049
3899
3901
8051
4005
8159
4647
497
4009
8161
4011
5119
969
8087
3937
8089
3939
2621
6771
2619
6769
2623
2625
6775
8085
3933
8083
3935
971
5121
4015
8165
4013
8163
499
4649
4651
501
8167
4017
8169
4019
5123
973
3895
8045
3897
8047
2571
6721
6723
2573
6773
431
4579
429
5
8135
3985
3959
8109
3987
8027
8107
3957
3877
8039
8137
8139
3989
8125
3975
3973
8123
3889
8141
3991
8021
3883
8033
3871
4187
37
4575
425
3925
8077
8075
3927
3941
3811
7961
3943
8093
439
4589
435
4585
433
4583
4581
4153
3
7
4189
4157
4185
39
35
4573
427
4577
423
4587
437
3947
3945
8095
3815
7965
7947
3797
8073
7955
3805
3931
8071
3923
3921
8097
3929
8081
8079
8065
3919
4653
503
8171
4021
4023
8173
5125
975
3893
8043
8149
3999
6731
2581
5127
4027
8177
4025
8175
4655
6729
2579
3953
3903
8053
8059
3909
482
4632
504
4630
480
4628
508
4658
506
4656
4028
8178
4030
8180
978
5128
5130
980
8184
4034
8182
4032
4036
478
4626
476
1436
5586
1438
5588
4624
4622
472
4620
470
4666
516
514
4662
512
5592
5590
1442
1440
510
4660
4082
8232
8236
4086
4040
8190
8194
4044
4664
4048
8198
4050
8200
988
5138
4332
184
4334
5136
986
8196
4046
8192
984
5134
4042
8234
4084
5612
1462
5610
4080
8230
4038
8186
982
8188
5132
1460
1362
5510
1360
4204
54
2590
2594
6744
2596
6746
2592
6740
2634
6784
2638
5512
8
448
4598
450
4600
4592
442
8142
3992
3892
8148
8098
3996
8146
3948
6730
3998
2580
6728
8102
8105
8103
8101
3955
3951
3950
8100
3994
8144
440
4590
4596
446
4594
0
444
4150
6732
2582
6736
2586
4158
6788
2640
2588
6738
2584
6734
6735
2585
261
4410
263
4413
4411
260
4406
5584
256
6790
5582
1434
1432
6786
2636
262
4412
4408
258
5580
1430
5578
1428
264
4414
266
4416
6742
4420
270
4418
268
4942
792
790
4940
786
4936
788
4938
1456
5606
1452
1454
5604
5602
5608
1458
4934
784
4932
782
4928
780
4930
4931
4929
781
779
778
17
4167
16
4166
89
4235
4233
83
82
4232
84
85
4234
4236
86
18
4238
88
4168
1364
5514
1366
5556
1406
5554
1404
5558
1410
5560
4262
4260
110
56
5516
4206
192
4342
4340
190
4254
64
218
4216
5536
66
5530
1380
104
4214
114
4264
116
4200
112
102
4252
4266
4220
70
50
4170
58
4218
68
1388
1368
5538
62
20
4212
4208
5524
60
4210
1374
1378
5528
1408
1390
5526
5540
1376
5522
1394
1416
5544
5566
1412
5562
5568
1418
5542
1372
4192
42
4174
24
4176
98
4248
4250
100
1382
1414
5564
10
4190
40
41
48
1392
113
1411
63
4213
5561
1409
5559
