4377
4485
227
221
325
4891
741
743
739
4911
5049
753
4889
225
4477
4475
327
4893
4483
335
4439
289
4481
331
4479
333
4379
4375
353
4903
4899
355
4503
393
4543
229
4381
329
323
4471
321
4441
291
2617
2615
287
8211
4063
4061
8213
5145
4437
995
6765
6767
2601
2599
6751
4433
4445
295
4493
343
4491
4473
4373
231
391
4541
389
4505
4507
4535
385
4539
387
4537
4517
367
4523
373
223
347
341
4497
345
337
4487
339
4489
4443
293
283
281
4431
815
4965
817
4947
4945
795
4977
827
4973
823
805
4955
801
4951
369
4495
371
4521
4519
365
4515
4513
363
4959
809
807
4949
799
4953
803
825
4975
829
4979
797
195
319
4469
317
4467
4359
205
209
4355
213
4957
839
4991
4565
415
841
419
4569
4559
409
4533
383
381
4531
349
4499
351
4501
377
4527
376
4526
4500
350
4498
348
4530
380
4528
4524
374
4525
375
4529
4555
401
4551
379
405
4561
411
4557
407
4567
417
397
4547
403
4553
399
4549
4550
400
4548
398
4544
4545
395
359
4511
361
4563
413
845
4995
837
4987
833
832
4983
358
4508
4509
394
4546
402
4552
404
4554
378
410
4560
396
836
4982
4986
360
4510
4566
416
4556
406
4558
408
4532
382
384
4506
4534
356
750
4898
354
748
4504
4538
4536
388
386
4516
366
4514
4568
418
4564
414
412
4562
4902
752
898
4900
746
4894
744
4897
745
4895
751
4901
357
749
747
4896
4910
4888
738
4892
742
4890
740
326
224
4374
352
4502
4542
392
4540
372
390
4522
4372
222
4380
230
4378
228
332
4476
4482
4484
334
4474
324
220
4370
4376
226
288
4438
4480
330
4478
328
322
4470
320
290
4440
342
294
4492
4472
4496
340
4490
346
4520
370
364
362
4512
4518
368
344
4494
338
4486
336
4488
4442
830
129
128
4278
558
4708
158
4308
564
560
4710
4310
4714
160
200
4350
834
4984
842
4992
844
4994
840
4990
4958
808
4956
4988
838
4570
420
4364
214
4330
4734
180
4732
584
4730
178
210
4328
4360
212
4362
806
4948
800
4950
4954
804
4952
802
798
4354
204
4352
202
4356
208
4358
316
4974
4972
822
824
4976
826
318
828
4978
4468
314
4464
4450
4462
302
4452
312
4466
206
4314
162
4312
164
4722
576
4726
580
4728
578
172
4322
4724
574
154
4344
196
4946
194
796
4944
794
292
4444
4432
282
4430
280
814
4964
816
4966
4400
250
4404
4346
4290
300
4746
596
4744
598
4748
600
4750
572
4720
570
156
4306
4304
562
4712
134
4284
132
4282
136
4286
174
4320
170
582
166
4316
168
4348
198
4980
4985
831
4981
835
4993
843
4989
421
4363
4571
215
4361
211
4353
203
207
4357
165
4313
163
4329
2616
6766
6762
2612
6760
2610
6764
6748
2614
6750
2600
2598
186
4436
286
4434
284
4812
662
4810
660
3980
8130
8110
2626
3960
6776
2630
6780
2632
6782
666
4816
670
4818
668
4814
664
6778
2628
3964
8114
3966
8116
8030
3880
8024
4
4154
428
2618
6768
2576
8022
8028
8112
3962
3878
3872
3874
6726
4186
8020
3870
3876
8026
3956
8106
3958
8108
3984
8134
4820
736
4886
4906
756
4904
754
454
4604
4602
452
766
768
4918
758
4916
4709
561
4711
4309
159
4349
4351
199
201
4365
181
4331
179
4731
585
4733
4735
4311
161
4715
565
563
4713
559
4279
127
126
131
4277
135
4283
4285
583
4321
171
4317
4323
579
4729
581
4727
577
4725
575
4305
4723
4315
303
313
4463
4465
315
301
4453
573
4721
571
4749
599
8132
3982
8128
3978
8120
3970
3900
8050
2574
6724
8034
3884
8036
3886
6770
8088
3938
8084
3934
8082
8086
3936
8048
3898
3968
8118
8126
3976
5148
5152
1002
5150
1000
5146
996
8216
8222
4072
4076
8226
8220
998
964
8152
4002
4070
8218
8150
4000
5142
994
5144
4336
188
2602
6752
2604
4428
6754
278
4426
276
818
4968
820
4970
4398
248
4402
254
4388
140
4718
568
4742
238
4386
236
252
4368
4366
216
4962
812
4960
272
810
4422
274
4424
6758
2608
6756
182
2606
4338
990
8208
992
5140
8204
4054
8202
8206
4058
4668
4670
4056
4052
518
4618
468
520
4616
466
4614
522
4672
4060
8210
4062
8212
4066
8214
4064
4674
4074
8224
4078
8228
4612
464
524
676
4068
4676
4826
526
4610
678
4828
674
4824
460
4822
672
462
4107
458
4106
4090
4089
4088
456
4606
4608
492
4642
494
4644
496
490
4640
488
4646
498
4638
8154
4004
4006
5114
966
8156
5116
968
8160
4010
4012
8158
4008
4648
4091
4092
4093
4094
4095
4096
4097
4108
4109
4098
4099
4100
4102
4101
4103
4104
4105
4636
486
500
4650
502
484
4634
4016
8162
4014
8164
970
5118
5120
972
4018
8168
8166
8170
4022
4020
8172
4652
4654
4024
4026
8174
8176
976
5126
974
5124
8042
8044
5122
3894
3932
3896
8046
2570
6720
6774
2624
2620
6772
2622
2572
6722
2
3988
8138
3990
8140
3888
8038
8136
3986
2613
6763
2611
6761
285
4435
997
5147
4067
8217
8215
4065
4075
4073
8223
5151
1001
4813
6781
2633
667
4371
671
4821
4817
6783
2627
663
2631
661
4811
1003
5153
4077
8227
4079
8229
4825
679
4829
675
4611
8225
4827
677
4823
673
463
4613
525
4675
523
4615
465
467
4673
4057
8207
4059
8209
4671
4617
521
469
4619
519
4669
8203
4053
4055
8205
5141
991
5143
993
4337
187
189
4339
6749
2603
6753
6755
2605
4429
279
4427
277
819
4969
4319
167
169
173
4301
155
4307
4457
4751
601
4747
4451
141
4347
4345
251
4401
255
4405
239
4389
4967
821
4971
249
4399
253
4403
237
4387
4739
589
549
4699
4231
81
1401
4217
219
4367
4369
217
4963
813
811
4961
4423
273
4425
275
2607
6757
5139
4047
5135
4205
55
4667
4621
471
517
8199
4049
8201
4051
989
4333
183
6759
2609
2595
6745
185
4335
987
5137
8197
4045
8195
515
4665
473
4623
475
4117
4118
4119
4625
5589
1439
1441
1437
5587
4130
4121
4131
4120
4122
4123
4124
4125
4126
4127
4110
4111
4112
4128
4129
4113
4114
4116
4115
8193
4043
985
4041
8191
513
4663
5593
1443
5591
4661
509
511
4627
477
479
4629
481
4631
483
485
4633
4635
487
4637
489
4639
491
8235
4087
8237
4037
8233
4083
8231
4085
1463
5613
1461
4081
4039
5133
983
5611
5513
1361
5511
2635
1363
2639
6785
6789
4159
9
2587
449
4599
451
5131
4601
981
4035
8189
8187
4033
4659
4657
505
507
8183
4029
4031
8185
8181
8179
4743
4291
569
4719
197
595
597
4745
305
4455
307
145
309
143
4717
567
4741
593
591
4393
243
4293
4737
587
4697
547
5595
1449
1445
5597
1451
5599
5601
539
4691
541
1447
5577
107
4257
4259
109
5573
1427
5575
1425
121
241
4391
4271
4269
119
1421
5571
1423
1397
5547
1399
5549
4223
73
245
4395
247
4397
4295
139
4385
235
4383
233
53
4203
551
4701
555
4705
557
4689
77
1403
5553
5551
5537
1387
67
1385
5535
31
4181
4227
4247
125
97
4275
4707
2591
6741
2593
6743
6747
2597
4421
271
4417
267
2637
6787
5583
1433
5579
1429
265
4415
4419
793
4943
269
4941
791
4343
193
4341
191
65
4215
4265
4255
105
111
4207
57
787
4937
789
4939
5531
1381
5533
1383
4183
93
4243
91
99
4251
101
33
1415
1419
5569
5565
5563
1413
4267
115
117
5567
5545
71
4221
4253
103
51
4201
4171
4263
4261
1407
5517
1367
1453
5603
1457
5607
5581
1431
5609
1459
5605
1455
1365
5515
1405
5557
5555
4239
4169
19
783
4933
785
4935
4409
259
2641
6791
5585
1435
257
4407
6739
2589
6737
2583
6733
4151
1
445
4595
447
4597
443
979
5129
977
8143
3993
4593
441
4591
8145
3995
3997
8147
3949
8099
4887
737
757
4907
755
4905
4605
455
3817
7967
7951
3801
8091
669
4819
665
4815
6779
6777
2629
8115
3965
8117
3967
8031
3881
3875
8025
4155
2577
6727
2575
6725
3885
3873
8023
3879
8029
3963
8113
3961
8111
8131
3981
3983
8133
3887
3977
8129
3979
8037
8121
8035
3971
8119
965
4641
4645
4607
457
4643
459
4609
8219
527
461
4677
4069
4071
8221
999
5149
8127
5115
3969
4003
8153
4001
493
8151
8155
495
8157
4007
5117
967
8049
3899
3901
8051
4005
8159
4647
497
4009
8161
4011
5119
969
8087
3937
8089
3939
2621
6771
2619
6769
2623
2625
6775
8085
3933
8083
3935
971
5121
4015
8165
4013
8163
499
4649
4651
501
8167
4017
8169
4019
5123
973
3895
8045
3897
8047
2571
6721
6723
2573
6773
431
4579
429
5
8135
3985
3959
8109
3987
8027
8107
3957
3877
8039
8137
8139
3989
8125
3975
3973
8123
3889
8141
3991
8021
3883
8033
3871
4187
37
4575
425
3925
8077
8075
3927
3941
3811
7961
3943
8093
439
4589
435
4585
433
4583
4581
4153
3
7
4189
4157
4185
39
35
4573
427
4577
423
4587
437
3947
3945
8095
3815
7965
7947
3797
8073
7955
3805
3931
8071
3923
3921
8097
3929
8081
8079
8065
3919
4653
503
8171
4021
4023
8173
5125
975
3893
8043
8149
3999
6731
2581
5127
4027
8177
4025
8175
4655
6729
2579
3953
3903
8053
8059
3909
482
4632
504
4630
480
4628
508
4658
506
4656
4028
8178
4030
8180
978
5128
5130
980
8184
4034
8182
4032
4036
478
4626
476
1436
5586
1438
5588
4624
4622
472
4620
470
4666
516
514
4662
512
5592
5590
1442
1440
510
4660
4082
8232
8236
4086
4040
8190
8194
4044
4664
4048
8198
4050
8200
988
5138
4332
184
4334
5136
986
8196
4046
8192
984
5134
4042
8234
4084
5612
1462
5610
4080
8230
4038
8186
982
8188
5132
1460
1362
5510
1360
4204
54
2590
2594
6744
2596
6746
2592
6740
2634
6784
2638
5512
8
448
4598
450
4600
4592
442
8142
3992
3892
8148
8098
3996
8146
3948
6730
3998
2580
6728
8102
8105
8103
8101
3955
3951
3950
8100
3994
8144
440
4590
4596
446
4594
0
444
4150
6732
2582
6736
2586
4158
6788
2640
2588
6738
2584
6734
6735
2585
261
4410
263
4413
4411
260
4406
5584
256
6790
5582
1434
1432
6786
2636
262
4412
4408
258
5580
1430
5578
1428
264
4414
266
4416
6742
4420
270
4418
268
4942
792
790
4940
786
4936
788
4938
1456
5606
1452
1454
5604
5602
5608
1458
4934
784
4932
782
4928
780
4930
4931
4929
781
779
778
17
4167
16
4166
89
4235
4233
83
82
4232
84
85
4234
4236
86
18
4238
88
4168
1364
5514
1366
5556
1406
5554
1404
5558
1410
5560
4262
4260
110
56
5516
4206
192
4342
4340
190
4254
64
218
4216
5536
66
5530
1380
104
4214
114
4264
116
4200
112
102
4252
4266
4220
70
50
4170
58
4218
68
1388
1368
5538
62
20
4212
4208
5524
60
4210
1374
1378
5528
1408
1390
5526
5540
1376
5522
1394
1416
5544
5566
1412
5562
5568
1418
5542
1372
4192
42
4174
24
4176
4248
4250
100
1382
1414
5564
10
4190
40
41
1392
113
1411
4213
5561
1409
5559
4237
87
1373
5525
1375
5529
1379
61
4211
21
1395
1393
5543
25
43
4191
4209
63
59
1389
69
4219
4249
49
4175
11
4161
4241
95
4245
94
90
4240
4160
4194
44
92
4242
4246
4272
124
4274
96
4244
4180
76
30
4182
32
5532
5534
1384
1386
5550
1402
5552
4226
4706
556
4702
122
123
4703
4273
553
552
554
4704
538
540
4690
106
4256
108
550
5600
4688
1450
1400
4230
80
4698
5598
1448
1446
5596
5576
5574
5594
4696
1444
548
588
4738
592
4740
594
4716
566
304
4292
4454
4392
590
4736
586
546
4270
1424
5570
1422
5572
1426
52
4258
4202
1396
1464
5546
5548
1398
1420
4268
118
120
240
4390
48
98
4198
4195
45
5523
4193
4196
4164
46
14
4162
4163
4165
47
4197
15
78
4228
74
75
79
4229
4224
4225
542
4692
534
4684
4685
543
535
544
4694
536
4686
4687
537
4695
1252
1254
5404
5405
306
4456
157
4289
4303
4459
297
133
4287
4281
4276
130
4280
137
175
4325
177
4199
474
3952
3954
8104
3904
8054
8055
3905
6
2578
3902
8052
3908
8056
3906
3907
8057
4156
38
8058
4188
34
4152
4580
432
4184
4582
430
4578
761
4915
765
6639
2491
2489
6635
2485
763
4913
6631
2487
6637
6633
2483
6629
2479
6627
2481
769
4909
759
4919
2477
6647
2499
6649
5033
883
873
5023
875
5025
877
5027
6641
879
2365
6515
6517
2367
867
865
6513
2363
6511
6507
2357
2361
2359
6509
863
5013
5015
5017
859
853
5009
5003
851
5001
3913
8063
3911
8061
8060
3910
3912
8062
426
4576
422
4572
436
4586
438
4588
4584
434
4574
36
424
767
4917
453
2497
2475
6623
2473
603
4753
6451
2379
6527
6529
2303
6453
2301
7985
3839
7989
3835
7981
3831
3845
7995
8041
3891
4603
6625
773
4923
885
5035
2377
533
4683
531
7979
3829
7975
4681
529
4921
771
4997
847
4999
5005
855
5004
854
849
4998
848
4996
846
770
7997
3847
7993
3843
3833
7983
3837
7987
3841
7991
3827
7977
7973
3825
3823
4803
653
4801
651
4793
639
4799
649
4795
645
6479
2329
6481
2331
619
4769
627
4777
6615
2465
3803
7953
3809
7959
6619
2469
4779
623
629
631
625
4775
697
4847
8013
3857
8007
8003
659
701
4851
695
4773
4845
693
4843
4771
621
615
4765
2323
6473
6471
2321
643
4789
641
4791
6465
2315
6463
2313
703
4853
733
713
611
4761
4863
6501
2351
2349
6499
719
4869
721
4871
3859
8009
3865
8017
3851
8001
3853
8019
8011
3863
3869
3867
3861
4807
657
4809
723
4873
4875
725
1081
5227
1077
5229
1079
5291
1125
5245
1095
5243
1093
731
4879
729
4849
699
4767
617
2335
2325
6485
705
4855
4805
4885
4877
655
735
4883
3855
8015
3849
7999
8005
5253
5235
1085
727
5231
1103
5251
5237
1087
5233
1083
1129
5279
5281
1135
5285
1133
5283
5301
1151
1149
5299
1101
2471
6621
7963
3813
3799
7949
6613
2463
633
4783
4781
6617
2467
7957
3807
6459
3916
8066
3914
8064
8068
3918
3915
3917
8067
8069
3793
7943
3795
7945
2461
6611
2305
6455
2309
2304
6610
2460
7944
3794
7942
3792
3804
8080
3930
3928
8078
3922
8072
7946
7956
3798
3806
7954
3796
2466
6616
6454
6458
2308
2306
6456
6460
2310
2307
6461
2311
6457
6483
2333
2327
6475
6469
613
4763
2319
715
4865
2353
1061
5211
1089
5241
1091
5213
1063
4881
5239
5223
1073
5219
5221
1071
1075
5225
6543
1069
2393
2397
6547
2409
6559
6563
2413
1119
1117
5267
1121
5271
1123
5269
1165
2425
6575
5315
1169
5273
5319
1171
1167
5317
6579
2429
6581
2431
2395
6545
5207
1057
1099
5247
1097
1059
5209
6549
2399
2411
6561
5255
1105
1147
5257
2415
6565
2427
5303
1145
1107
5297
5275
5277
1131
5327
1127
5293
1141
1143
5323
1177
1181
5331
5349
1199
5345
1195
5295
1153
5249
5287
1137
1139
5289
1185
5335
1189
5339
1173
5325
1175
5337
1191
5341
5387
1221
5371
1225
5329
1179
1183
5333
5347
1197
5343
1193
1155
5305
1243
1201
5393
1247
5397
5379
1229
5381
5395
1245
5391
1203
4831
1241
681
4833
683
1231
5375
5373
1227
5377
687
4837
685
4835
689
4839
691
1207
5357
709
2341
6603
2453
6599
2449
1205
5355
5309
1159
2437
6587
1157
5307
5261
1111
5259
1187
5383
1233
1237
5389
1223
5385
1239
4841
1235
4859
707
4857
6577
5351
2443
6593
2441
6591
1213
5363
1215
6595
6597
2445
2447
5353
4861
711
2345
6495
6497
2347
6491
6489
2339
6487
2343
6493
2337
5369
1211
5361
5359
1209
5367
1219
5365
1217
5321
1163
2439
5313
5311
1161
5265
1115
5263
1113
5217
1067
2407
6557
2419
6569
2423
6573
2435
6605
2455
6601
2451
6589
6585
6583
2433
6571
2421
6567
2417
6555
2405
6551
2401
6553
2403
5215
1065
4867
717
2355
6505
1109
4785
635
6467
2317
6477
647
637
4787
4797
4759
609
4757
607
606
4756
605
604
4755
3819
7969
3821
7971
3820
7970
7968
3818
4754
4802
3822
3824
7972
3828
7974
7976
4798
648
3826
650
652
4758
608
4796
4786
636
646
4800
642
4792
638
634
4784
2316
6476
2326
2332
6482
2334
6484
632
6612
2462
7948
8092
3942
8090
3940
7960
3810
7958
3808
6618
2468
628
4778
624
4774
4780
630
2470
6620
3812
7962
7964
3814
3944
3946
8094
8096
8070
3920
4782
4766
2324
6474
2318
6466
6468
612
616
4762
696
714
6502
2352
2354
6504
4866
716
1064
5216
1066
5214
1112
5262
1114
1160
5310
5264
6584
2434
2422
6572
2418
6568
2406
6556
2402
6552
6550
4788
640
644
6470
4794
2320
6464
4790
718
4870
720
4868
1068
5222
1072
1074
5224
1070
5218
5220
2392
6498
2348
2314
4679
4920
528
4680
530
4678
4922
772
850
5000
852
5002
858
5008
866
5016
6516
2366
6514
2364
5026
876
6636
2486
6634
6632
2360
5024
874
6510
2362
6512
864
5014
5012
862
6508
2358
6506
2356
5022
872
6628
5032
6528
2378
6526
2376
5034
884
532
4682
6452
2302
6450
3838
7978
7988
3840
7990
6478
2328
1120
5270
1122
5272
1168
5318
1170
5320
1162
5312
1208
5366
1216
1218
5364
2444
1214
5362
1212
5316
1166
5314
1164
5268
1118
5266
1116
2396
6542
6546
2408
6558
6562
2412
6574
2424
6578
2428
6590
2440
6594
4908
762
4912
2484
6630
2482
2480
6626
2478
6648
2476
6646
2496
2498
882
4752
2300
3834
7984
3830
602
2472
6622
2474
6624
3890
8040
3846
7966
3816
8124
3974
8122
3882
8032
3924
8074
3972
150
4318
5434
4324
5414
3926
8076
3800
7950
7952
7996
7992
3844
7994
7980
3832
3836
7986
6480
2330
6472
2322
4764
614
4768
7982
3842
2464
3802
6614
626
4776
618
620
4770
4772
622
694
4846
3862
8012
3860
4844
4842
692
610
2312
702
8010
6554
2400
1060
4864
728
1062
2404
5210
6566
1108
2416
5212
1110
2420
6570
5258
2432
6582
2436
6586
2438
6588
2450
6600
5358
5360
5368
6604
1210
2454
6598
2448
2452
6602
2340
6490
2342
6492
6486
2336
698
4848
8004
3854
8008
704
4854
734
4884
1084
4876
5234
726
654
4804
3848
4878
1088
5238
1090
5240
1136
5286
1138
5260
1156
5306
1158
5308
1204
5342
5346
1196
1198
5348
1148
5298
1150
5300
1100
5250
1102
5252
1086
5236
1132
5282
1134
3864
8018
3868
3856
8006
700
4850
730
4880
1092
5226
1094
5242
5244
1140
5290
5288
1142
5276
1124
5274
1126
1078
5228
1076
4872
722
4806
658
4808
8002
3852
3866
8016
8014
7998
3850
8000
656
724
4874
1080
5230
1082
5232
1128
5278
1130
5284
5292
1188
5334
1184
5336
1186
5340
1190
5338
5322
1172
1174
5324
1220
1236
5386
1232
5382
5354
1206
5356
5384
1234
5388
1238
1222
5370
1224
5328
1178
5326
1176
5280
1180
5332
1182
5330
5396
5378
1228
5374
1226
5376
5372
4840
4836
690
4838
688
684
4834
680
4830
682
686
4832
1230
5380
5394
1240
1244
5390
1246
1096
5296
1146
5294
1144
5344
1194
5302
6580
5304
1192
1154
5392
5350
1242
1200
1202
5352
710
4860
4856
706
4858
708
6488
2338
2344
6494
6462
4760
4852
4882
712
4862
6500
2350
2394
6544
5206
1056
1058
5208
6548
6560
5254
1104
732
5248
1098
5246
2398
2410
6564
2414
5256
1106
1152
6576
2426
2430
6592
2442
6596
2446
2346
6496
764
4914
760
6638
2490
2488
878
6640
6643
2493
2492
6642
545
4693
4700
5403
1253
5402
5399
1249
5401
1255
1465
5615
1467
5617
5407
1257
5439
1289
244
4394
242
142
246
4396
144
4294
308
4458
296
4288
138
4384
234
4382
232
72
1256
4222
5406
1288
5438
1292
4302
4460
310
4300
152
4326
146
4296
148
4298
4448
298
4446
1284
176
1280
5430
1264
5410
1260
1261
5411
1265
5415
1285
5435
1281
4327
5431
147
151
153
4297
1466
5616
5614
5398
1248
5400
23
29
5521
1371
5527
1417
1377
5519
1369
5539
5541
1391
4173
4178
28
26
5518
1370
5520
22
4172
27
4179
4177
5443
311
4461
6503
3858
13
12
