268
274
304
326
345
367
390
412
432
449
467
561
583
607
624
641
664
680
782
786
776
749
725
636
609
573
555
560
587
647
731
900
1100
1275
1449
1611
1773
1943
2147
2326
2482
2565
2614
2629
2620
2612
2566
2517
2478
2449
2422
2426
2454
2481
2518
2569
2625
2692
2737
2784
2832
2882
2934
3014
3063
3123
3161
3269
3316
3383
3439
3511
3563
3608
3653
3701
3752
3822
3874
3915
3946
3972
3975
3949
3918
3873
3821
3764
3731
3739
3760
3823
3910
4070
4252
4296
4479
4641
4801
4966
5139
5310
5495
5677
5763
5823
5849
5852
5835
5798
5769
5737
5714
5711
5717
5734
5756
5773
5854
5876
5905
5928
5948
5964
5982
6005
6026
6050
6073
6092
6113
6144
