66
66
66
66
66
66
66
66
66
66
66
66
66
66
66
66
66
66
66
66
66
66
66
66
66
66
66
66
66
66
66
66
66
66
34
34
34
143
143
143
143
12
12
12
12
12
12
12
12
12
12
12
12
12
12
12
12
12
12
12
12
143
143
143
143
143
34
34
34
34
66
66
66
66
66
66
66
66
66
66
66
66
66
66
66
66
66
66
66
66
66
66
66
66
66
66
66
66
66
66
66
66
66
66
66
66
66
66
34
34
34
143
143
143
143
12
12
12
12
12
12
12
12
12
12
12
12
12
12
12
12
12
12
12
12
143
143
143
143
143
34
34
34
34
66
66
66
66
66
66
66
66
66
66
66
66
66
66
66
66
66
66
66
66
66
66
66
66
66
66
66
66
66
66
66
66
66
66
66
66
66
66
34
34
34
143
143
143
143
12
12
12
12
12
12
12
12
12
12
12
12
12
12
12
12
12
12
12
12
143
143
143
143
143
34
34
34
34
66
66
66
66
66
66
66
66
66
66
66
66
66
66
66
66
66
66
66
66
66
66
66
66
66
66
66
66
66
34
34
34
93
93
93
93
93
93
93
93
93
93
93
102
102
102
102
102
102
102
102
102
102
102
102
102
102
102
195
195
195
195
195
195
195
195
195
195
195
195
195
195
195
195
195
195
195
195
195
195
195
195
195
195
195
195
195
195
195
195
195
195
195
102
102
102
102
102
102
102
102
195
42
112
112
112
112
112
112
112
169
169
169
169
169
169
169
169
169
169
169
169
169
169
169
169
169
169
42
195
102
102
102
102
102
102
102
195
42
42
42
42
42
42
42
42
195
68
68
68
68
68
68
68
68
68
68
68
68
68
68
68
68
68
68
68
68
68
68
68
68
68
68
68
68
68
68
68
147
147
147
147
147
147
147
147
147
147
147
147
147
31
31
31
63
63
63
63
63
63
63
63
63
63
63
63
63
63
63
63
63
63
63
63
187
187
115
19
99
99
99
99
99
99
99
99
99
99
99
99
99
99
99
99
99
99
99
99
99
99
19
63
63
63
63
63
115
115
115
115
187
187
187
187
187
187
187
199
199
199
199
199
199
199
199
199
199
199
199
199
199
199
199
199
199
199
199
187
187
187
187
187
187
187
187
187
187
187
187
187
187
187
187
187
187
103
103
103
103
103
103
103
103
85
170
7
171
171
171
171
81
81
81
81
26
26
2
2
2
2
2
2
2
2
2
2
2
2
2
2
2
2
2
2
2
2
2
2
2
26
26
26
26
81
158
107
34
199
199
199
199
187
115
115
115
115
115
115
145
145
145
145
145
145
145
145
145
145
145
145
145
145
31
31
31
31
31
31
31
31
31
31
31
31
31
31
31
31
184
121
121
121
121
121
121
121
121
121
184
55
76
76
76
76
76
76
76
76
76
76
76
76
76
76
76
76
76
76
76
115
115
115
115
115
55
55
55
55
55
55
55
55
55
55
55
55
55
55
55
55
55
55
55
55
55
136
136
136
136
136
136
136
136
136
136
136
136
136
136
136
136
136
136
136
136
136
136
136
136
136
136
136
136
136
136
136
136
136
136
136
136
136
136
136
136
136
136
136
136
136
136
136
136
136
136
136
136
136
136
136
55
55
6
6
6
6
6
6
6
6
6
6
6
55
55
55
55
55
55
55
55
55
136
136
136
136
136
136
136
136
136
136
136
136
136
136
136
136
136
136
136
136
136
136
136
136
136
136
136
136
136
19
19
19
19
8
8
8
146
124
124
124
124
124
124
58
76
76
146
8
8
8
8
8
146
124
124
124
124
124
58
76
76
146
8
8
8
8
8
8
8
8
8
8
8
8
8
8
8
8
8
8
8
8
8
8
8
8
8
8
8
8
8
8
8
8
8
8
8
8
8
8
8
8
8
8
8
8
8
8
185
185
125
125
125
125
125
136
19
19
168
49
49
49
49
49
49
49
49
50
186
186
186
186
23
23
23
23
23
23
23
23
23
23
23
23
23
23
23
23
23
23
23
23
23
23
23
23
23
23
23
23
23
23
23
23
23
23
23
186
186
186
186
186
186
186
186
186
186
186
186
186
186
186
186
186
186
186
186
186
186
186
186
186
186
186
186
186
184
184
184
184
184
184
184
184
184
184
184
184
184
184
184
184
184
184
184
184
184
185
185
185
185
185
185
24
24
24
24
24
24
24
24
24
24
24
24
24
24
24
24
24
24
24
24
24
24
24
24
24
24
24
24
24
24
24
24
24
24
24
24
24
24
24
24
24
24
24
24
24
24
24
24
24
24
99
99
99
19
19
168
168
168
39
39
39
39
39
39
39
39
39
39
39
39
39
39
39
39
39
39
39
39
39
168
168
168
168
168
168
168
63
63
63
63
63
63
168
168
168
168
168
168
168
168
168
168
168
168
168
168
168
168
31
147
147
85
107
107
107
107
107
107
107
107
107
107
107
107
107
107
107
107
107
107
107
107
107
107
170
170
170
170
170
170
170
170
170
170
170
170
170
170
170
170
170
194
51
195
68
147
115
58
58
198
139
3
3
3
3
3
3
3
3
3
3
3
3
152
152
152
152
152
152
152
152
152
152
152
152
75
75
75
75
75
75
75
75
75
75
75
75
75
75
75
75
75
75
75
75
75
75
75
75
75
75
32
32
32
32
32
32
32
32
32
32
32
32
32
32
32
32
32
32
32
32
32
32
32
32
32
32
32
32
32
32
32
32
32
32
32
32
32
32
32
32
32
32
144
144
144
144
144
144
144
144
144
144
144
144
144
144
144
144
144
144
144
144
144
144
144
144
144
144
33
146
124
100
100
100
100
100
100
100
100
100
100
100
100
100
100
100
100
100
100
100
100
100
126
126
126
126
126
126
126
126
126
126
126
126
126
126
126
126
126
126
100
22
22
190
16
16
16
16
16
16
16
16
16
16
16
16
16
16
16
16
16
16
160
160
160
160
160
160
160
160
160
160
160
73
73
73
73
73
73
73
73
73
73
73
73
73
73
73
74
74
74
74
74
74
74
74
74
74
74
74
74
74
74
74
74
74
74
74
74
74
74
74
74
74
74
74
74
74
74
74
74
74
62
62
62
62
62
62
62
62
62
62
62
62
62
62
62
62
62
62
62
62
62
62
62
62
62
62
62
62
62
62
62
62
62
62
62
62
62
62
62
62
62
62
62
62
62
62
62
62
62
62
62
62
62
62
62
62
62
62
62
62
62
62
62
62
62
62
62
62
62
194
70
70
70
70
70
70
70
70
70
70
70
70
70
70
70
70
70
70
70
70
70
70
70
70
70
70
70
70
70
70
70
70
46
106
158
196
196
196
196
196
196
196
196
196
158
170
194
4
4
4
4
4
4
4
4
194
178
165
165
165
165
178
194
64
167
123
123
123
123
123
167
64
194
109
41
183
170
80
80
80
167
123
123
123
167
64
194
178
178
178
178
194
64
167
159
79
79
79
79
194
160
160
178
194
64
167
79
79
79
79
79
79
79
79
79
79
72
72
72
72
72
72
72
72
72
72
72
72
72
72
72
72
72
72
72
72
72
72
72
72
72
72
72
72
72
72
72
72
72
72
72
72
72
72
72
72
72
72
72
72
72
72
46
46
46
46
46
46
46
46
46
46
46
46
46
46
46
46
194
4
4
4
4
4
4
4
4
194
194
194
194
194
194
194
194
194
194
194
194
194
194
194
0
0
0
0
0
0
0
0
0
0
0
0
0
0
0
0
0
0
151
7
158
158
158
196
30
30
30
30
30
30
30
30
30
30
105
7
151
0
0
0
0
0
0
0
0
0
0
0
0
0
0
0
0
0
0
0
0
0
0
0
0
0
0
0
0
0
0
0
0
0
0
0
0
0
0
0
0
0
0
0
0
0
0
0
0
0
0
0
0
0
0
0
0
0
0
0
0
0
0
0
51
51
159
159
159
159
159
175
175
175
175
175
175
175
175
94
94
150
150
150
150
150
150
150
150
150
150
150
4
27
27
27
27
27
27
27
27
167
167
64
64
64
193
193
193
193
194
194
194
4
27
27
27
27
27
167
138
138
138
138
46
46
46
46
46
194
194
4
27
27
27
27
167
167
167
167
64
193
46
46
46
194
4
117
117
117
27
27
27
128
128
194
77
77
77
41
130
130
130
130
130
130
130
130
130
130
130
41
117
18
93
194
106
106
106
46
46
46
46
46
46
46
46
46
46
46
46
46
46
46
46
46
46
46
46
46
46
46
46
46
46
46
46
46
106
83
83
83
83
83
83
83
83
83
83
83
83
83
83
83
83
83
83
83
83
83
83
83
83
83
83
83
83
42
195
198
191
191
191
191
191
191
191
189
189
189
189
189
189
189
189
189
96
96
96
96
96
96
96
96
96
96
96
96
96
96
96
96
96
96
146
146
146
146
146
146
146
146
146
146
146
146
146
146
146
146
146
146
58
58
58
58
58
58
58
58
58
58
58
58
58
58
58
58
58
58
58
58
6
6
55
55
55
146
146
146
146
58
198
163
17
17
17
17
17
17
17
17
17
17
17
17
17
163
76
110
110
110
76
198
163
17
163
198
76
110
110
110
76
198
163
17
163
198
76
110
110
110
76
198
163
17
163
198
76
110
110
110
76
198
163
17
17
17
17
17
17
17
17
17
17
17
17
17
17
17
17
17
17
17
17
17
17
17
17
17
17
17
17
17
17
17
17
17
17
17
17
17
17
17
17
17
17
17
163
163
163
163
163
163
163
163
163
163
163
163
163
163
163
163
163
163
163
163
198
198
198
198
198
198
198
198
198
198
198
198
198
198
198
198
198
198
198
139
139
139
139
139
139
139
139
163
163
163
163
163
163
163
163
163
163
163
163
163
163
163
163
198
84
85
183
41
41
41
41
41
41
41
41
41
41
41
41
41
41
41
109
130
130
41
41
41
41
41
41
41
41
41
41
41
41
183
13
138
109
41
41
41
41
41
41
41
41
41
41
41
41
41
41
41
41
41
41
109
21
67
67
67
67
67
67
67
67
67
67
67
67
67
67
67
67
67
67
67
67
67
67
67
67
67
21
109
41
41
41
41
41
41
41
41
41
41
41
41
41
41
41
41
109
109
109
109
109
109
109
109
109
109
109
109
109
109
109
109
109
109
109
109
109
109
109
109
109
109
109
109
109
46
46
193
11
11
11
11
11
11
11
11
11
11
11
11
11
11
11
11
11
193
193
64
167
167
167
14
14
14
14
14
14
14
14
14
14
14
14
14
14
14
14
14
14
14
14
14
14
14
14
14
14
14
14
14
14
14
14
14
14
14
14
14
14
14
14
14
14
14
14
14
14
14
14
14
14
14
14
14
14
14
14
14
14
167
167
167
167
167
64
64
64
193
193
193
193
193
193
193
193
193
193
193
193
193
193
193
193
193
193
193
193
193
193
193
193
193
193
193
193
193
193
193
193
193
193
193
193
193
193
193
193
193
193
193
193
193
193
193
193
193
193
193
193
193
193
193
193
193
193
193
193
193
193
193
193
71
71
71
71
71
71
71
71
71
71
71
71
71
71
71
71
71
71
71
71
71
71
71
71
71
71
193
11
11
11
11
11
11
11
11
11
11
11
11
11
11
11
11
11
11
11
11
11
11
11
11
11
11
11
11
11
11
11
11
11
11
11
11
11
11
11
11
11
11
11
11
11
11
11
11
11
11
11
11
11
11
11
11
11
11
11
11
11
11
11
11
11
11
11
11
11
11
11
11
11
11
11
11
11
11
11
11
11
11
11
11
11
11
11
11
11
11
11
11
182
182
182
182
182
182
182
182
182
182
182
182
182
182
182
182
182
182
182
182
182
182
182
182
182
182
182
182
182
182
182
182
182
182
182
182
182
182
182
182
182
182
182
182
182
182
182
182
182
182
182
182
182
182
182
182
182
182
182
182
182
5
5
5
182
182
182
182
182
182
182
182
182
182
182
182
182
182
182
182
182
182
182
182
182
69
69
69
69
69
69
69
69
69
69
69
69
69
69
69
69
69
71
193
98
98
98
98
98
98
98
104
104
104
104
104
104
104
104
104
104
104
104
104
104
104
104
104
104
104
104
104
104
104
104
104
104
104
104
104
47
47
47
47
47
47
47
47
47
47
47
47
47
47
47
47
47
47
47
47
47
47
47
98
90
90
153
153
170
98
98
98
98
98
98
98
98
149
149
149
149
149
149
174
174
174
174
174
174
174
174
174
174
174
174
174
174
174
174
174
174
46
46
46
46
46
46
64
167
167
167
64
46
46
122
59
59
59
59
59
59
59
59
59
59
59
59
59
59
59
59
59
59
59
59
59
59
59
59
59
59
59
59
59
59
59
59
59
59
59
122
122
122
122
122
122
122
122
122
122
122
122
122
122
122
122
122
122
46
46
46
106
7
7
7
7
106
106
106
188
56
180
180
106
106
106
106
151
151
151
151
151
151
151
151
151
151
151
151
151
151
151
151
151
151
106
106
106
7
7
7
7
7
7
7
7
7
7
7
7
7
7
7
7
7
7
7
7
7
7
7
7
7
7
7
7
7
7
7
7
7
7
7
7
7
7
7
7
7
106
106
106
106
106
106
106
106
106
46
194
21
21
21
183
183
183
183
183
183
183
183
183
183
183
183
183
183
183
183
183
190
190
113
113
113
113
113
113
113
113
113
132
132
51
129
129
129
129
129
129
129
129
129
129
129
129
192
192
197
197
197
197
197
197
164
164
14
13
13
13
129
129
129
108
108
108
46
46
46
46
46
46
46
28
28
87
46
46
46
194
142
142
142
142
142
142
137
141
151
138
138
138
194
142
142
142
142
142
142
53
141
87
106
106
106
87
87
87
87
87
137
141
7
83
7
87
87
87
87
137
141
87
106
106
106
87
87
151
141
141
87
87
9
9
9
9
9
9
9
9
9
9
9
9
9
9
9
9
9
9
9
9
9
9
9
9
9
9
9
9
9
9
9
88
127
127
127
127
127
181
181
181
181
181
127
127
127
181
181
77
105
105
105
105
105
105
105
105
105
105
105
25
25
25
25
25
25
25
78
78
78
78
78
78
78
78
78
78
78
78
78
148
148
148
148
148
148
148
148
148
148
148
148
122
131
131
131
131
131
131
131
131
131
131
131
131
131
131
131
131
131
131
131
35
35
35
35
35
35
35
35
35
35
35
35
35
35
35
35
35
35
131
131
131
131
131
173
173
97
97
97
97
97
97
97
97
97
97
97
97
97
97
97
97
97
97
97
97
97
97
173
177
177
54
54
54
54
54
54
54
54
54
54
54
54
54
54
54
54
54
54
54
54
54
54
54
54
54
54
54
54
54
54
54
54
177
177
177
177
54
54
54
54
54
54
54
54
54
54
54
54
54
54
54
54
54
54
54
54
54
54
54
54
54
54
177
44
44
44
44
44
44
44
44
44
44
44
44
44
44
44
44
44
44
44
44
44
44
44
44
44
44
44
44
44
44
44
44
44
13
13
13
13
13
13
13
13
13
13
138
193
193
11
38
38
38
38
38
38
38
38
38
38
38
38
38
38
38
38
38
38
38
38
38
38
193
71
71
71
11
38
38
38
38
38
38
38
38
38
38
38
38
38
38
38
38
38
38
38
38
38
38
38
38
11
193
150
150
150
150
150
94
94
94
94
94
94
94
94
94
94
94
94
94
94
94
94
94
94
94
94
94
94
94
94
94
94
94
94
94
94
94
94
94
94
94
94
94
94
94
94
21
21
21
21
21
21
21
21
21
21
21
21
21
21
21
21
21
21
21
21
21
21
21
21
21
21
21
21
21
21
21
21
21
21
21
21
21
21
21
21
21
21
21
21
21
21
21
21
21
21
21
21
21
21
21
21
119
119
119
119
119
119
119
119
66
6
6
6
6
6
55
146
146
146
146
146
146
146
146
146
65
65
65
65
65
65
65
65
65
65
65
65
65
65
65
65
65
65
65
65
65
65
65
65
65
65
65
65
65
65
65
65
65
65
65
65
65
65
50
50
50
50
50
50
50
50
50
50
50
50
50
50
50
50
50
50
50
50
50
50
50
50
50
50
50
50
50
50
50
50
50
50
50
82
82
82
82
82
82
82
82
82
82
82
82
82
82
82
82
82
82
82
82
82
82
82
82
82
82
82
82
82
82
82
82
82
82
82
155
155
155
155
155
155
155
155
155
114
114
114
114
114
114
114
114
114
114
114
114
114
114
114
114
114
114
114
114
114
114
114
114
140
140
140
140
140
140
140
140
140
140
140
140
140
140
140
140
140
179
179
179
179
179
179
179
179
179
179
179
179
20
20
20
20
20
20
20
20
199
114
114
114
155
155
155
111
111
111
111
111
111
111
111
111
111
111
111
111
111
111
111
111
111
111
111
111
111
111
111
111
111
111
111
111
114
114
114
82
37
37
37
37
37
37
37
37
37
37
37
37
37
37
37
37
37
37
37
37
37
37
37
37
37
37
37
37
37
166
166
166
166
166
166
166
133
133
133
133
133
133
133
133
133
133
133
133
133
133
133
133
133
133
133
133
133
133
133
133
133
133
166
166
166
166
166
166
166
117
117
117
117
117
117
117
117
117
117
117
117
117
117
117
117
117
117
117
117
117
117
117
117
117
117
117
117
117
117
117
117
117
117
117
117
117
117
117
117
55
55
55
55
55
55
55
55
55
55
55
55
55
55
55
55
55
55
55
55
55
55
55
55
55
125
185
185
185
185
185
185
185
185
185
185
185
185
185
185
95
95
95
95
95
95
95
95
95
95
95
95
95
95
95
95
95
95
95
95
95
95
95
95
95
95
95
95
95
95
95
95
95
95
95
95
95
95
95
95
125
125
125
125
125
125
125
125
125
125
125
125
125
125
125
125
125
125
125
125
125
125
125
125
125
125
125
125
125
125
125
125
125
125
125
125
125
125
125
125
27
27
27
27
27
27
27
27
27
27
27
27
27
27
27
27
27
27
27
27
27
27
27
27
27
27
27
27
27
27
27
27
27
27
27
27
27
27
27
27
27
27
27
27
27
27
27
27
27
27
27
27
27
27
27
27
27
27
27
27
27
27
27
27
27
27
27
27
101
101
101
101
101
101
101
101
101
101
101
101
101
101
101
101
101
101
101
101
101
101
101
101
101
101
101
101
101
101
101
101
134
134
134
134
156
156
156
156
156
156
156
156
40
157
157
157
157
157
157
157
157
157
3
146
33
146
58
189
40
15
15
15
15
15
15
15
40
134
134
40
157
43
43
43
43
43
43
157
40
134
134
40
157
43
43
43
43
157
189
168
19
168
189
40
86
118
118
118
118
118
118
118
118
118
86
40
17
163
198
198
85
85
85
85
85
85
85
85
85
85
85
85
85
85
85
85
85
85
85
85
85
85
85
85
85
85
85
85
85
119
119
119
60
60
60
60
60
60
60
60
60
60
60
60
60
60
60
60
60
60
60
60
60
60
60
1
1
1
1
1
1
1
1
1
1
1
154
154
154
154
154
154
154
154
154
154
154
154
154
154
154
154
154
154
154
154
154
154
135
135
135
135
135
135
135
154
154
84
84
84
84
84
84
84
84
84
84
84
84
84
84
84
84
84
84
1
1
1
1
1
1
1
1
1
1
1
1
1
91
57
57
57
57
57
57
57
57
57
57
57
57
91
91
91
91
91
91
91
91
91
91
91
91
57
57
57
57
57
1
1
1
1
1
1
1
1
1
1
1
1
1
1
1
1
1
1
1
1
1
1
1
1
1
1
1
1
1
1
1
55
125
125
125
125
125
125
125
125
162
162
162
162
162
162
162
162
162
162
162
162
162
128
128
128
128
128
128
128
128
128
128
128
128
128
128
128
128
128
128
128
128
128
128
128
128
128
128
128
128
128
128
128
128
128
128
128
128
128
128
176
45
45
45
161
161
161
161
161
161
161
161
161
161
161
161
161
161
161
161
45
45
45
45
45
45
45
45
45
45
45
45
45
45
45
45
45
45
45
45
45
45
45
45
45
45
45
45
45
45
45
10
10
10
10
10
10
10
10
10
10
10
10
10
10
10
10
10
10
10
10
10
10
10
10
10
10
10
10
10
10
10
18
18
18
18
18
18
18
18
18
18
18
18
18
18
18
18
18
18
18
18
18
18
18
18
18
18
18
18
18
18
18
18
18
18
18
18
18
18
18
18
18
18
18
18
18
18
18
18
18
18
18
18
18
18
18
18
18
18
18
18
18
18
18
18
18
18
18
18
18
18
18
18
18
18
18
18
18
18
18
18
48
48
48
48
48
48
48
48
48
48
48
48
48
48
48
48
48
48
48
48
48
48
48
48
48
48
48
48
48
48
48
48
48
48
48
48
48
48
48
48
48
48
48
48
48
48
48
48
48
48
48
166
166
166
166
166
166
166
166
166
166
52
52
52
52
52
52
52
52
52
52
52
52
52
52
52
52
52
52
52
52
52
52
52
52
52
52
52
52
52
52
52
52
52
52
52
52
52
52
52
52
52
52
52
52
52
52
52
52
52
52
52
52
52
52
52
52
52
52
52
52
52
52
52
52
52
52
52
52
52
176
176
176
176
176
176
176
176
176
176
176
176
176
176
51
51
51
51
51
51
51
51
51
51
51
51
51
51
51
51
51
51
51
51
51
51
51
51
51
51
51
51
51
51
51
51
51
51
51
51
51
51
51
51
51
51
51
51
51
51
51
51
51
51
51
51
51
51
51
51
51
51
51
51
51
51
51
51
51
51
51
51
51
51
51
51
51
51
51
51
6
6
6
6
6
6
6
6
6
6
6
6
6
6
6
55
55
55
55
55
146
146
146
146
146
146
146
146
146
146
146
146
146
146
146
36
36
36
36
36
36
36
36
36
36
36
36
36
36
36
36
36
36
36
36
36
36
36
36
36
36
36
36
36
36
36
36
36
36
36
36
36
36
89
89
89
89
89
89
89
89
89
89
89
89
89
89
89
89
89
89
89
89
89
89
89
89
89
89
89
89
89
89
89
89
89
89
89
89
89
89
89
89
89
89
89
89
89
89
89
89
89
89
89
89
89
89
89
89
89
89
89
89
89
89
89
89
89
89
89
89
89
89
89
89
89
89
89
89
89
89
89
89
89
89
89
89
89
89
89
89
89
89
89
89
89
89
89
89
89
89
89
89
89
89
89
89
89
89
89
89
89
89
89
89
89
89
89
89
89
89
89
89
89
29
172
172
172
172
172
172
172
172
172
172
172
172
172
172
172
172
172
172
172
172
172
29
29
29
29
29
29
29
29
29
29
29
29
29
29
29
29
29
29
29
29
29
29
128
162
162
162
162
166
166
166
166
166
166
1
116
116
116
116
116
116
116
116
116
116
61
61
61
61
61
61
61
61
61
61
61
61
61
61
61
61
61
61
61
61
61
61
61
61
61
61
61
61
61
61
61
61
61
185
185
185
185
185
185
185
185
185
185
185
185
185
185
185
185
185
185
185
185
185
185
185
185
185
185
185
185
185
185
185
185
185
185
185
185
185
33
33
33
33
33
33
33
33
33
33
33
33
33
33
33
33
33
33
33
33
33
33
33
33
33
33
33
33
33
33
33
33
33
33
33
33
33
33
33
33
33
33
33
33
33
33
33
33
33
33
33
33
33
33
33
33
33
33
33
33
33
33
33
33
33
33
33
33
33
33
33
146
58
198
198
49
49
49
49
49
49
49
49
49
49
49
49
49
