2399
2400
2406
2407
5295
5297
657
7753
3
7765
4
7768
2
7755
656
5300
1281
2410
2265
2558
2563
816
7614
784
7698
744
2316
2289
2298
2297
7729
7570
7568
2457
2455
2451
2449
2448
6540
2784
2782
2778
2776
2775
3079
3080
3103
3100
3098
3097
3107
3072
3073
2727
2728
2730
2736
2738
7739
7740
7742
3664
3665
3666
2055
3623
716
6638
902
1975
3952
862
6630
860
6923
857
6929
859
6926
858
6920
861
6626
863
3948
1976
3939
903
6636
717
3619
2056
3663
3662
3661
7741
7738
7737
2733
2732
2724
2723
2721
3071
61
3106
33
3093
2064
3102
3077
3076
2771
2772
2773
2779
2780
6538
2444
2422
2284
2415
837
7140
765
7154
725
2342
2290
2357
741
5379
781
5366
1578
2382
