2560
2555
2553
2552
5297
657
7753
3
7765
4
7768
2
7755
656
5300
1281
2410
2265
2564
2565
7614
784
7698
744
2314
2315
2289
2298
2297
7729
7570
7568
2457
2455
2451
2449
2448
6540
2784
2782
2778
2776
2775
3079
3080
3103
3100
3098
3097
3107
3072
3073
2727
2728
2730
2736
2738
7739
7740
7742
3664
3665
3666
3669
3670
7321
4142
4141
4138
4137
4136
7556
7557
7560
7561
7564
7563
7562
7559
7558
7555
7554
4133
4134
4135
4139
4140
7320
3668
3667
3663
3662
3661
7741
7738
7737
2733
2732
2724
2723
2721
3070
3069
3105
3096
3094
3095
3102
3077
3076
2771
2772
2773
2779
2780
6538
2444
2445
2446
2452
2453
7565
7566
7727
2341
2342
2290
2359
745
7696
785
7611
817
