3
7765
4
7768
2
7755
656
5300
1281
2410
2265
2564
2565
7614
784
7698
744
2316
2289
2296
2295
7733
7668
7667
800
2456
2247
2450
1263
6541
650
2783
2233
2778
2776
2775
3079
3080
3103
3100
3098
3097
3107
3072
3073
2727
2728
2730
2736
2738
7739
7740
7742
3664
3665
3631
2055
3623
716
6638
902
3943
1975
3952
862
6630
860
6923
857
6929
859
6926
858
6920
861
6626
4133
4134
4135
4139
4140
7320
3668
3667
3663
3662
3661
7741
7738
7737
2186
2731
2240
2722
2190
3071
61
3106
33
3093
2064
3101
21
3075
2180
2774
2234
2781
651
6539
1264
2447
2248
2454
801
7567
7566
7727
2341
2342
2290
2378
1574
5381
5374
5373
2398
2399
2400
2406
2407
5295
5297
657
7753
